89 61 22
55 87 4
189 6 23
235 36 3
189 70 21
491 7 19
352 56 27
116 71 22
324 82 6
445 65 16
197 2 14
154 33 2
68 11 13
289 4 26
487 73 24
254 38 5
276 19 21
464 46 18
453 87 23
218 56 10
312 36 15
38 4 13
140 2 4
492 76 9
279 71 16
142 74 28
411 44 5
206 6 5
372 20 12
76 30 9
258 87 5
168 0 18
356 40 2
73 78 18
154 80 4
126 14 8
326 56 8
188 54 8
256 71 4
2 88 24
83 81 25
496 78 22
257 66 28
343 5 23
216 1 21
352 51 25
431 46 9
428 63 18
267 83 15
112 68 25
35 56 24
207 48 16
484 11 25
140 23 11
395 42 6
212 36 27
102 60 4
52 98 18
492 42 10
413 39 10
366 43 5
60 54 17
339 49 6
459 16 26
240 71 7
156 69 5
157 1 15
246 43 6
470 96 8
241 8 13
172 85 12
214 30 24
498 22 13
168 79 13
381 50 22
135 56 26
393 15 13
331 33 0
211 21 23
333 39 22
63 98 11
117 38 12
336 52 21
371 56 24
217 14 18
29 68 6
273 60 14
54 71 14
314 54 9
77 66 21
30 27 4
100 43 11
332 90 12
293 10 17
465 41 19
332 19 11
430 46 25
16 58 5
309 46 17
315 8 19
267 53 10
406 0 14
12 30 2
456 6 3
318 49 1
17 15 25
119 23 7
120 1 16
51 16 27
63 9 13
382 67 5
176 65 11
148 14 9
321 87 17
264 38 6
48 49 0
447 8 4
248 98 12
412 33 24
224 34 20
219 5 10
376 72 10
68 10 20
219 74 6
220 82 5
420 28 1
128 51 10
464 33 12
163 32 24
101 5 4
121 96 8
382 89 6
381 59 7
490 14 19
451 55 2
172 46 27
361 37 21
66 2 8
296 45 12
168 14 27
300 46 12
326 39 7
48 0 13
465 91 23
119 55 17
99 66 13
444 83 10
158 7 12
209 52 22
38 67 16
146 40 14
14 69 6
489 4 3
28 40 10
379 46 19
143 0 28
485 67 5
96 50 11
60 51 22
144 72 16
457 64 26
102 29 9
353 69 12
335 23 20
7 67 11
251 72 22
452 47 16
72 80 8
81 91 22
53 37 2
157 5 22
182 35 4
298 16 17
185 75 6
286 61 5
303 61 23
465 35 16
498 75 13
328 81 26
104 49 6
305 75 13
299 67 23
224 52 9
312 13 15
498 65 8
227 35 13
40 59 7
269 8 0
290 59 11
277 66 10
439 16 9
487 14 19
84 79 22
348 16 21
289 76 10
11 77 27
163 22 5
34 46 13
483 67 15
16 76 7
463 46 4
11 11 22
237 16 6
476 48 19
9 59 28
451 81 12
355 54 18
269 1 8
251 43 10
235 27 14
115 13 24
467 82 20
59 93 19
136 90 3
447 49 13
173 68 14
491 87 26
13 50 1
163 79 14
376 83 16
19 45 21
262 73 24
213 85 28
228 8 7
470 11 23
104 6 28
207 91 6
167 85 28
31 43 26
70 21 2
91 18 6
284 3 15
14 33 0
196 72 26
403 27 7
99 14 25
192 91 2
106 19 8
16 67 21
160 45 6
346 87 3
70 51 0
195 83 13
435 33 8
484 92 12
9 79 21
133 28 18
234 50 15
484 52 22
465 54 17
367 86 3
299 13 3
496 25 11
464 47 21
348 83 13
391 83 8
434 56 23
190 88 2
435 61 6
215 66 22
357 54 11
404 2 18
213 82 27
477 47 23
191 23 23
2 8 11
64 69 1
414 5 25
318 3 3
37 64 12
315 94 24
38 89 27
399 91 7
176 73 8
153 86 11
277 55 10
294 38 1
83 21 9
46 80 24
224 2 17
205 52 28
243 68 1
12 31 10
262 21 5
193 60 10
211 28 6
247 84 2
72 0 20
248 45 13
36 49 25
134 21 16
292 80 0
136 75 14
474 17 3
372 96 10
69 91 13
80 81 6
497 17 1
6 3 4
203 71 1
389 50 17
68 84 1
42 25 16
486 79 26
220 39 23
332 38 24
104 24 22
278 39 3
49 87 0
326 85 21
75 12 22
267 48 27
293 22 15
105 78 19
69 42 19
325 73 20
303 84 28
323 88 13
257 71 4
152 39 12
33 30 8
245 25 18
166 3 17
32 78 3
247 55 20
364 66 21
324 47 21
453 19 19
85 36 2
360 42 23
98 82 2
449 28 8
197 7 6
0 44 8
400 24 1
402 6 26
266 18 21
196 89 28
203 39 7
442 54 3
158 83 0
490 76 24
423 10 26
299 91 9
273 93 14
499 98 17
159 1 19
114 44 19
209 80 27
108 9 21
116 20 11
378 1 0
286 37 1
204 71 0
315 12 6
7 7 4
356 18 25
160 82 12
348 55 18
385 33 22
193 98 26
100 40 15
334 29 25
493 67 13
87 0 16
425 96 14
162 97 0
481 5 23
242 60 1
166 43 27
446 48 0
12 34 25
386 96 13
491 58 14
465 47 26
201 84 21
91 29 20
5 78 22
472 45 12
13 10 25
357 64 22
237 58 15
54 12 7
65 72 3
15 8 13
401 26 25
177 66 6
387 96 22
441 0 26
412 28 24
72 75 6
268 2 27
343 83 1
105 37 7
471 98 27
160 44 4
261 61 25
442 88 15
188 92 9
203 24 13
219 22 6
164 19 14
311 13 5
232 54 27
297 61 2
0 65 6
438 49 6
193 42 11
106 71 24
54 29 9
482 42 3
15 86 17
329 66 12
353 7 0
28 48 20
411 72 13
388 29 17
110 95 16
322 64 21
284 48 14
420 26 21
452 42 4
284 67 23
308 40 1
11 37 19
268 63 9
120 72 8
275 10 5
54 28 23
442 67 0
168 27 28
410 64 14
133 30 13
456 14 17
462 4 8
285 75 28
31 87 9
414 1 3
472 84 28
324 42 0
30 98 19
16 24 14
478 38 20
18 88 19
214 39 18
204 54 18
410 27 3
175 29 27
82 89 0
444 2 19
304 0 11
415 24 1
197 50 3
442 71 24
115 57 21
126 96 22
31 60 1
112 15 16
454 43 20
92 61 27
329 47 26
121 79 27
356 54 17
204 38 11
114 87 28
391 9 1
275 72 12
179 94 0
27 14 4
289 77 22
256 83 22
355 9 1
0 35 26
381 28 13
467 66 20
291 38 16
107 67 16
453 24 13
178 64 1
108 70 15
68 60 0
377 67 16
30 81 12
67 56 11
426 85 20
421 27 1
448 40 9
59 11 2
3 92 15
435 55 18
427 65 9
189 42 23
14 26 7
290 57 26
493 36 2
195 33 11
372 74 27
467 94 20
115 12 28
91 44 3
67 60 20
207 26 9
208 59 20
414 62 17
298 61 4
4 81 23
366 5 28
302 34 18
93 43 24
11 3 5
244 97 18
144 27 1
393 59 22
318 46 17
156 36 12
195 51 4
316 84 1
260 74 20
220 34 20
209 40 13
328 86 18
140 12 28
0 33 24
127 86 15
458 95 9
462 90 21
170 91 20
190 79 7
134 80 13
429 3 19
445 30 11
78 66 9
36 58 14
22 19 5
364 90 11
392 30 12
352 51 22
358 34 1
286 55 10
493 30 26
136 65 20
328 54 15
329 54 6
354 39 14
189 63 4
28 92 17
122 56 5
227 83 20
359 4 0
193 2 24
128 84 28
335 48 10
327 64 3
73 83 23
316 64 2
313 23 3
245 28 2
266 64 1
452 23 25
51 48 9
146 85 16
411 79 6
244 74 13
62 68 19
45 35 13
209 40 5
232 85 22
69 16 26
45 69 14
81 61 19
78 20 28
429 44 12
330 79 8
313 60 28
84 77 5
247 85 19
93 80 21
156 17 24
381 2 6
362 2 3
282 13 23
33 90 9
51 31 24
107 94 20
7 62 9
27 93 8
426 42 16
454 70 21
288 31 17
424 70 26
390 77 25
200 34 9
79 76 13
10 8 25
417 94 5
402 95 14
113 44 9
66 81 22
141 94 22
32 15 10
213 66 20
432 5 21
93 44 0
99 19 26
151 6 14
115 53 2
111 26 11
235 7 15
55 8 24
490 15 28
414 35 4
430 52 4
428 98 20
476 6 21
380 55 8
1 49 20
224 83 22
358 1 27
35 88 17
197 32 2
22 40 0
193 25 18
347 98 17
20 63 9
19 69 17
107 63 21
469 79 27
199 83 6
383 13 13
35 11 23
50 15 13
358 43 4
224 7 26
187 27 6
103 40 0
295 32 25
283 59 22
357 89 24
152 48 20
171 38 9
25 76 26
116 65 2
61 44 2
144 8 7
135 73 23
436 85 20
368 72 7
300 94 7
98 39 10
107 36 25
395 16 23
238 75 6
209 52 27
93 87 15
107 2 7
20 17 7
392 36 28
20 87 1
197 55 27
267 42 9
227 65 5
90 15 17
364 23 26
142 78 1
336 93 24
42 19 7
341 20 17
417 93 24
331 30 20
399 15 22
296 32 6
479 4 27
346 74 16
0 81 19
33 58 10
357 83 19
133 28 27
215 43 21
484 26 0
488 54 3
39 31 2
338 8 17
486 41 10
282 16 21
487 61 11
409 29 17
413 49 11
409 9 22
294 40 6
449 84 20
207 34 26
296 55 23
443 1 27
308 7 24
144 26 14
450 68 21
101 95 8
385 66 12
77 46 24
78 22 19
170 12 11
417 34 19
265 94 8
440 10 10
235 40 7
408 85 21
32 61 2
79 54 19
130 75 15
99 68 27
303 64 20
30 80 28
374 82 15
36 37 19
164 21 4
208 83 18
189 78 21
62 84 23
473 30 22
485 74 19
25 9 14
61 89 27
299 31 12
13 53 7
392 66 26
498 86 23
76 68 15
168 77 12
335 88 27
52 9 5
48 38 18
189 93 6
397 55 5
23 93 19
99 9 18
283 31 21
62 27 0
311 75 0
151 76 21
254 74 7
403 5 4
293 94 16
155 41 12
438 35 2
8 24 27
222 33 8
294 37 17
259 4 28
472 15 27
217 87 2
22 60 16
383 54 5
479 57 11
481 38 13
439 43 23
82 82 26
218 55 4
430 94 19
134 68 18
271 20 1
150 89 23
47 66 15
333 42 8
487 60 23
74 44 24
289 66 0
452 29 8
445 26 16
120 0 16
465 59 9
92 19 6
128 39 26
242 42 2
340 65 25
416 72 8
226 17 22
381 50 18
41 91 9
382 5 11
166 85 18
172 34 17
255 97 27
280 64 16
103 97 4
48 31 15
358 79 11
293 20 5
132 92 9
357 3 11
399 35 18
424 91 11
48 59 14
49 2 4
415 51 13
143 24 22
281 5 13
240 87 23
432 66 22
350 34 25
198 80 2
264 44 8
16 90 26
191 8 3
481 29 9
451 98 11
209 92 16
292 31 15
157 4 1
231 80 22
386 17 0
57 92 24
38 90 2
143 32 14
447 44 18
99 85 26
135 85 11
145 33 20
89 89 2
422 3 17
107 2 22
277 55 3
376 6 6
113 7 17
495 9 17
19 53 18
278 46 26
97 45 3
123 11 21
386 66 2
86 2 15
308 18 13
232 33 14
438 46 18
289 63 4
201 2 16
12 87 16
86 44 4
466 8 23
134 19 21
10 5 2
362 29 0
89 78 21
390 65 20
315 92 1
321 16 5
237 71 28
62 93 4
86 12 2
300 35 16
20 39 0
423 47 17
141 80 0
60 33 8
471 39 11
456 9 17
356 42 19
211 54 28
487 59 2
197 70 22
223 89 13
70 93 10
457 54 17
72 19 10
43 87 7
165 95 21
300 27 16
18 10 4
287 52 14
168 26 15
443 0 19
370 52 1
463 75 5
172 98 1
141 10 12
83 12 8
176 92 10
469 95 23
384 5 24
157 97 3
175 49 26
17 80 20
495 4 7
151 40 1
440 91 10
309 36 1
267 89 7
300 32 3
162 23 0
6 76 22
261 0 13
352 51 12
390 44 2
479 61 16
430 25 12
275 83 22
137 5 28
38 16 16
92 92 18
466 79 20
118 16 14
106 74 5
409 85 16
144 45 1
335 85 3
206 52 23
335 56 11
345 27 0
457 48 11
149 39 1
420 6 13
444 17 27
97 95 7
342 62 0
18 33 21
244 56 10
186 50 21
199 42 16
154 93 21
3 33 18
356 74 1
52 15 24
173 86 16
312 62 5
488 8 20
50 28 28
229 59 17
302 88 5
470 67 19
105 92 26
406 36 26
100 29 28
367 41 10
321 64 0
432 25 13
398 85 17
487 1 16
381 26 18
261 31 7
368 93 3
423 59 13
123 50 18
351 83 24
377 42 13
57 42 2
75 1 19
145 87 5
185 49 28
129 52 3
74 70 13
339 15 9
402 61 27
195 23 22
420 53 27
323 48 13
470 20 4
89 92 28
180 23 14
243 45 20
236 73 3
179 89 11
181 40 20
3 70 2
354 21 9
262 47 8
427 48 6
297 83 1
38 82 6
441 53 26
455 89 3
110 9 6
276 48 21
23 73 26
248 63 27
462 42 11
337 96 12
137 18 5
260 41 24
466 43 2
402 30 22
132 77 19
333 87 5
346 27 25
398 18 1
75 60 24
421 4 8
53 46 23
17 39 27
308 19 6
470 6 1
391 18 26
146 22 16
423 43 28
211 81 5
205 81 13
457 72 23
226 75 28
91 66 3
46 54 13
52 25 21
220 54 27
