20 88 20
36 98 24
38 82 22
42 25 6
50 7 17
64 66 11
75 37 7
94 10 18
108 46 2
116 61 3
121 54 22
131 55 20
139 9 13
145 4 9
152 93 1
152 5 13
170 0 11
182 49 26
201 12 0
214 30 23
223 61 17
234 74 12
244 65 21
247 59 25
260 44 22
272 10 3
272 4 16
283 89 16
299 60 18
308 68 5
316 8 24
332 89 12
335 62 27
344 46 14
344 69 15
357 15 26
375 93 18
392 48 3
392 11 7
393 73 19
401 18 21
402 55 10
410 22 20
428 18 3
437 25 5
448 25 15
460 7 2
478 74 13
480 89 13
487 30 16
487 13 22
493 70 17
494 4 1
505 13 19
507 82 12
517 22 10
519 24 24
531 64 25
533 70 7
538 1 6
551 9 27
569 71 0
587 92 0
599 76 22
607 62 17
615 74 26
631 15 11
647 88 11
663 24 16
682 85 23
701 93 21
718 11 14
732 78 26
748 50 0
757 3 22
759 5 11
765 81 10
771 27 3
781 77 28
786 42 15
797 97 10
801 19 8
801 21 27
802 24 7
820 39 8
839 16 24
839 92 14
855 65 8
872 6 24
875 43 23
876 5 27
895 22 16
895 97 17
910 34 18
919 36 27
924 79 28
931 93 18
933 28 6
941 52 27
941 52 17
958 22 23
961 94 1
961 62 13
973 36 26
988 60 12
997 67 25
1001 71 12
1013 81 26
1022 6 2
1025 70 8
1034 56 4
1038 26 24
1048 69 12
1064 12 10
1074 92 12
1093 21 12
1096 30 21
1096 91 18
1096 5 5
1101 17 9
1110 26 16
1126 63 24
1127 0 15
1132 35 16
1137 2 10
1150 5 27
1152 6 14
1153 77 3
1156 69 13
1158 51 18
1177 78 3
1192 48 12
1209 61 9
1225 98 23
1243 30 10
1247 72 0
1262 59 20
1263 21 25
1269 31 0
1274 29 14
1285 54 25
1295 45 18
1314 30 6
1323 44 16
1327 81 0
1344 95 27
1353 75 7
1371 61 15
1381 22 6
1383 59 0
1385 32 6
1401 24 11
1405 74 2
1420 21 24
1436 77 28
1437 88 3
1445 71 20
1449 42 21
1463 7 16
1478 17 0
1490 2 0
1492 91 0
1502 88 5
1509 39 11
1509 54 13
1518 90 5
1526 98 10
1534 28 22
1539 79 24
1557 94 10
1572 31 26
1587 48 13
1605 75 1
1611 66 18
1620 49 28
1625 2 6
1640 74 26
1655 49 0
1669 65 14
1672 22 10
1688 25 26
1690 46 14
1693 70 23
1703 65 15
1717 3 15
1733 43 24
1749 7 5
1751 52 4
1767 62 4
1784 90 22
1801 41 9
1802 32 2
1807 78 16
1819 93 3
1829 25 4
1840 71 15
1852 71 10
1861 11 5
1865 27 16
1871 40 18
1871 51 24
1886 19 25
1896 74 24
1897 58 23
1901 12 4
1905 36 27
1909 62 13
1909 67 9
1924 61 5
1929 11 3
1935 34 8
1945 53 27
1951 6 26
1954 66 19
1972 59 23
1991 19 10
2007 80 1
2011 15 12
2021 64 14
2040 75 26
2054 66 7
2054 47 8
2065 22 21
2081 92 27
2089 42 3
2097 31 17
2098 50 14
2106 86 10
2123 9 6
2135 58 27
2146 65 14
2146 58 0
2161 73 21
2175 96 3
2178 25 28
2194 0 21
2199 97 18
2214 25 23
2232 14 28
2237 16 21
2248 91 14
2254 42 10
2268 74 18
2282 68 14
2297 22 6
2300 12 24
2302 61 14
2321 96 10
2332 67 4
2338 29 10
2353 75 14
2364 68 5
2376 91 4
2385 28 18
2385 58 18
2399 18 25
2404 28 13
2419 13 20
2436 97 14
2449 66 13
2467 63 21
2481 37 26
2483 27 11
2483 61 16
2489 92 21
2494 14 16
2502 70 10
2521 80 20
2527 23 7
2537 46 20
2552 28 15
2559 6 21
2577 11 6
2595 67 16
2602 83 20
2608 17 22
2621 0 17
2630 41 20
2630 74 26
2631 49 12
2637 62 8
2638 60 20
2650 93 14
2661 97 20
2675 78 9
2678 0 25
2681 47 4
2694 25 5
2695 36 22
2695 59 12
2714 45 15
2727 28 7
2743 40 8
2754 89 19
2756 95 22
2759 59 4
2769 57 11
2772 91 19
2782 61 12
2794 72 8
2794 47 6
2809 93 12
2809 25 24
2818 91 9
2837 52 17
2840 3 16
2845 2 21
2863 91 3
2871 17 7
2877 54 2
2882 88 9
2898 81 5
2916 66 19
2917 55 4
2927 8 1
2945 47 16
2952 14 9
2970 94 13
2977 35 0
2977 95 3
2984 31 7
3000 1 0
3005 52 3
3008 73 15
3013 71 22
3022 13 6
3035 60 14
3046 98 13
3047 60 17
3059 9 14
3069 19 14
3087 98 21
3088 45 20
3093 40 0
3108 91 25
3108 90 23
3108 47 5
3115 55 19
3123 11 24
3127 57 15
3138 91 5
3147 43 19
3163 18 19
3174 48 9
3188 37 20
3196 26 5
3197 15 7
3200 9 13
3219 31 5
3236 41 21
3245 73 7
3261 95 7
3261 0 11
3277 40 0
3279 56 15
3285 29 17
3295 31 16
3312 50 25
3318 92 1
3320 16 20
3338 60 16
3350 16 1
3366 3 4
3380 54 2
3399 90 26
3416 51 4
3422 97 21
3440 94 28
3449 67 14
3459 2 1
3462 22 20
3466 27 21
3468 45 5
3487 35 0
3506 10 7
3525 69 15
3536 83 21
3544 21 22
3562 93 11
3581 85 26
3592 92 22
3608 29 28
3614 44 11
3628 96 2
3646 10 13
3661 13 0
3670 66 14
3683 95 1
3700 80 1
3709 95 27
3709 57 19
3718 17 23
3734 56 22
3739 24 5
3758 19 23
3764 32 24
3778 11 6
3781 63 10
3781 42 16
3795 76 2
3811 59 13
3829 91 17
3831 9 16
3846 81 14
3852 68 5
3859 0 11
3862 35 7
3869 11 3
3882 90 4
3892 9 25
3892 35 23
3899 7 17
3905 19 28
3907 66 21
3919 12 20
3922 79 13
3930 34 22
3942 58 2
3953 2 9
3962 56 19
3978 19 28
3989 90 1
3992 81 10
4003 29 21
4004 45 16
4009 96 2
4013 29 20
4013 90 20
4030 69 7
4041 89 26
4044 43 20
4061 56 25
4066 35 6
4081 70 27
4095 48 7
4101 67 24
4119 77 12
4120 49 0
4123 17 2
4127 28 17
4138 15 19
4156 50 17
4162 49 21
4164 21 15
4176 68 17
4184 3 28
4194 73 4
4198 3 9
4210 77 23
4224 57 5
4242 47 21
4247 31 19
4260 40 17
4269 19 6
4283 32 16
4294 41 13
4299 48 6
4309 0 3
4327 37 17
4332 95 23
4335 74 2
4352 52 18
4363 23 13
4375 55 21
4387 52 15
4396 88 8
4403 90 4
4420 11 7
4431 12 7
4442 33 19
4449 62 27
4457 80 19
4473 32 28
4473 55 1
4488 20 18
4490 20 20
4498 67 3
4513 62 2
4519 72 24
4530 18 13
4538 90 2
4555 95 27
4561 22 20
4576 60 24
4586 57 25
4601 90 9
4615 1 7
4631 65 16
4638 72 20
4656 79 23
4675 36 28
4682 32 2
4686 71 3
4690 73 21
4690 6 18
4690 71 24
4693 32 1
4712 82 11
4721 42 24
4738 3 26
4751 17 8
4766 86 23
4785 95 1
4800 78 2
4819 33 2
4824 37 2
4830 17 21
4835 83 7
4847 9 2
4864 2 11
4883 27 8
4891 18 6
4896 48 17
4896 8 28
4899 65 27
4912 63 21
4925 0 3
4935 21 11
4943 15 0
4951 71 3
4967 42 18
4980 1 6
4986 36 16
5002 17 14
5010 62 4
5023 27 24
5028 20 5
5043 96 27
5058 21 4
5077 1 5
5081 60 20
5091 20 11
5096 15 13
5115 7 16
5122 7 2
5129 82 23
5135 21 3
5140 77 22
5151 79 5
5157 52 5
5159 70 23
5171 30 27
5184 52 11
5193 20 2
5199 63 24
5208 10 16
5223 27 3
5233 20 1
5236 80 24
5254 86 18
5259 29 1
5271 15 8
5278 61 26
5283 2 15
5291 62 25
5303 59 23
5320 28 22
5338 25 10
5356 36 5
5371 89 18
5385 22 10
5401 70 25
5418 71 0
5431 49 27
5435 21 3
5443 37 8
5452 44 10
5462 98 19
5468 17 23
5480 86 10
5487 34 18
5504 26 6
5504 27 23
5512 41 6
5522 69 2
5531 93 24
5546 76 28
5547 4 19
5562 94 10
5569 82 13
5581 69 0
5587 63 28
5604 33 7
5620 64 7
5639 45 12
5658 63 15
5667 71 19
5675 32 26
5682 44 23
5700 0 9
5716 25 10
5719 51 20
5730 70 0
5740 94 22
5742 88 2
5742 2 15
5751 91 1
5758 39 28
5770 86 26
5777 79 27
5777 52 26
5784 41 0
5800 98 25
5810 85 24
5823 39 15
5829 81 25
5841 0 16
5842 2 20
5857 50 12
5866 86 4
5879 37 24
5898 49 9
5917 61 4
5919 54 16
5926 28 26
5944 96 23
5958 43 11
5967 76 24
5973 9 0
5986 86 14
6004 32 5
6023 23 25
6030 50 10
6048 93 6
6060 18 14
6073 4 16
6074 45 7
6084 29 18
6096 31 7
6104 9 3
6106 18 1
6120 82 1
6136 22 16
6147 97 13
6155 82 12
6174 98 6
6190 5 13
6201 67 10
6209 52 19
6224 55 15
6242 20 5
6250 82 8
6263 29 0
6276 20 26
6284 60 12
6292 97 1
6308 44 28
6314 11 26
6325 58 21
6342 65 10
6349 17 28
6354 67 28
6360 54 4
6373 34 13
6386 28 14
6405 22 27
6415 22 8
6431 59 23
6433 65 9
6443 78 10
6453 76 3
6460 94 6
6474 39 19
6487 23 6
6501 29 15
6507 90 20
6524 64 11
6528 96 27
6533 63 4
6538 58 16
6543 98 12
6547 19 17
6556 35 16
6558 4 28
6576 20 28
6590 5 20
6595 93 0
6608 11 8
6622 76 11
6622 86 2
6626 82 8
6637 11 18
6655 92 9
6660 35 27
6673 27 26
6675 38 1
6685 10 11
6690 43 13
6700 61 14
6709 91 17
6714 13 22
6719 84 27
6736 28 13
6738 41 5
6741 89 13
6746 34 11
6753 30 12
6769 38 26
6778 12 2
6784 70 7
6794 94 14
6804 47 10
6808 10 9
6808 89 9
6823 22 26
6836 63 8
6837 27 5
6851 11 23
6863 69 0
6863 24 1
6876 89 21
6889 28 11
6901 80 28
6912 63 22
6916 48 25
6931 86 2
6933 57 24
6952 92 23
6960 62 6
6967 65 10
6975 98 25
6988 61 0
6994 28 0
7006 13 25
7018 58 27
7037 80 12
7046 54 19
7060 23 26
7066 33 26
7072 44 13
7088 81 7
7102 72 2
7104 11 23
7112 3 6
7125 10 11
7142 88 22
7144 30 9
7156 46 5
7158 46 11
7177 24 0
7190 62 14
7191 59 11
7206 93 24
7214 59 4
7223 34 27
7226 98 16
7228 41 5
7237 28 18
7246 35 8
7246 33 28
7253 41 19
7271 59 7
7281 42 0
7290 58 24
7292 94 23
7296 64 8
7303 32 28
7317 78 26
7328 36 21
7342 74 24
7357 2 18
7369 84 0
7387 17 10
7395 50 25
7405 0 12
7408 91 22
7423 85 13
7440 39 15
7449 37 12
7455 1 10
7473 5 8
7482 91 18
7484 25 12
7492 29 22
7504 1 8
7515 92 23
7522 94 27
7533 98 21
7544 62 26
7562 55 27
7570 28 3
7572 70 0
7583 96 11
7594 45 19
7598 92 16
7605 92 9
7608 49 17
7622 35 12
7638 16 15
7657 48 14
7657 85 14
7673 28 16
7686 90 25
7697 97 24
7712 86 13
7726 89 13
7745 69 14
7759 44 26
7762 51 13
7762 37 8
7776 16 13
7789 20 26
7805 90 8
7816 39 2
7826 44 25
7832 66 19
7841 41 20
7849 71 19
7857 32 1
7868 81 10
7872 89 7
7883 92 20
7902 57 18
7906 8 23
7915 66 6
7916 76 21
7931 64 19
7950 80 17
7967 33 26
7979 79 0
7990 2 25
8007 17 19
8010 40 2
8015 53 23
8031 48 14
8037 54 13
8043 12 16
8045 66 22
8062 46 1
8076 94 23
8086 46 12
8104 19 9
8120 52 19
8126 17 28
8132 29 8
8140 5 13
8158 11 14
8174 75 3
8193 10 19
8210 62 3
8225 98 27
8238 12 0
8241 87 9
8247 50 13
8264 25 12
8279 22 24
8298 70 18
8316 94 26
8329 45 18
8340 85 7
8351 70 21
8362 78 28
8369 54 16
8371 88 20
8390 39 10
8390 54 0
8403 42 19
8421 73 17
8425 21 14
8437 77 9
8446 33 1
8453 21 14
8464 33 22
8467 63 22
8474 55 14
8492 83 23
8498 56 27
8513 69 12
8530 16 4
8546 74 20
8553 74 5
8563 4 12
8563 30 12
8579 90 25
8579 19 20
8590 5 10
8603 86 6
8611 36 8
8626 69 8
8630 96 15
8640 91 8
8654 86 13
8659 77 12
8667 33 5
8673 93 6
8688 81 10
8706 2 3
8721 9 3
8731 87 17
8732 10 10
8734 80 6
8743 80 4
8758 1 24
8771 9 10
8777 57 25
8784 6 5
8789 51 15
8798 32 13
8803 77 24
8806 8 8
8819 49 28
8820 79 16
8836 73 14
8836 77 14
8844 72 17
8858 75 14
8865 20 11
8882 35 14
8883 1 26
8890 44 1
8898 25 17
8911 82 14
8924 3 17
8937 75 16
8937 13 8
8941 74 7
8957 61 10
8960 43 22
8967 9 11
8970 38 11
8977 65 20
8982 31 8
8992 89 5
8992 53 27
8993 93 6
8999 78 28
9004 68 2
9011 91 23
9015 60 26
9030 6 3
9044 43 14
9058 88 6
9064 17 13
9067 63 26
9069 79 9
9088 18 24
9097 73 22
9115 51 21
9122 32 18
9122 9 10
9140 42 24
9145 23 24
9158 34 7
9164 27 24
9174 74 1
9186 19 27
9200 63 18
9205 23 4
9217 25 2
9232 72 9
9247 95 8
9260 68 7
9266 76 4
9268 60 2
9268 21 2
9272 11 5
9285 98 17
9303 50 11
9316 74 10
9328 40 23
9345 80 21
9355 87 0
9374 19 23
9392 71 15
9407 73 2
9425 30 0
9432 93 0
9447 95 22
9454 76 1
9473 44 27
9492 13 24
9505 81 2
9511 56 21
9524 87 2
9542 33 12
9553 84 27
9566 92 25
9575 61 2
9584 63 15
9593 66 20
9611 69 6
9625 2 8
9643 89 8
9646 21 10
9654 15 0
9654 35 19
9657 83 28
9660 84 21
9673 8 7
9677 4 24
9687 24 23
9696 0 5
9702 8 4
9718 38 21
9731 97 8
9747 7 10
9765 77 20
9783 84 27
9784 96 22
9793 69 7
9798 88 4
9798 84 1
9810 33 6
9812 91 24
9816 2 3
9826 60 2
9835 82 10
9839 13 22
9852 28 9
9870 36 8
9886 90 0
9905 59 20
9920 74 13
9925 91 21
9942 0 17
9957 16 26
9975 1 1
9981 14 8
9986 97 27
9998 15 2
10011 18 8
10028 85 21
10038 79 6
10043 53 25
10052 39 17
10055 26 16
10065 36 5
10068 48 3
10076 10 8
10091 73 0
10093 59 25
10093 43 12
10112 79 16
10126 97 17
10128 77 17
10140 2 12
10153 44 13
10167 3 6
10182 50 1
10182 65 22
10194 33 6
10196 11 15
10196 90 18
10197 20 20
10214 90 16
10229 79 26
10231 35 16
10237 76 7
10243 73 10
10243 44 0
10248 21 19
10259 64 6
10273 2 1
10290 78 18
10306 42 19
10316 54 7
10329 79 23
10346 87 9
10346 64 20
10363 77 7
10372 84 2
10379 58 15
10391 57 4
10407 37 26
10410 10 17
10417 56 20
10435 78 8
10442 68 10
10444 60 15
10450 10 17
10465 13 19
10483 29 13
10484 8 24
10489 73 18
10494 23 16
10507 57 12
10521 50 12
10538 41 22
10540 55 2
10554 79 25
10559 30 5
10566 70 28
10570 43 4
10574 34 10
10589 31 19
10605 59 20
10619 45 19
10621 22 17
10629 64 21
10639 73 21
10646 13 26
10657 36 18
10676 25 1
10693 70 0
10700 29 21
10710 45 25
10722 60 7
10737 58 6
10752 28 28
10756 76 22
10759 66 26
10765 18 24
10778 37 20
10794 26 16
10800 98 20
10816 41 23
10829 80 13
10848 20 28
10866 40 22
10876 13 6
10876 14 7
10878 43 23
10883 88 3
10888 87 21
10890 33 26
10900 86 28
10903 9 28
10920 43 3
10926 23 20
10937 51 0
10939 61 11
10954 81 8
10969 9 1
10986 74 6
11002 49 22
11011 6 17
11013 95 19
11027 30 5
11030 10 8
11044 28 15
11063 11 2
11071 82 12
11079 48 19
11092 7 6
11110 83 23
11124 72 7
11138 20 20
11139 79 19
11153 72 0
11167 86 0
11172 18 0
11191 55 3
11203 79 3
11218 56 21
11222 1 8
11232 28 5
11249 67 1
11265 69 24
11270 23 24
11278 48 4
11287 79 7
11300 36 26
11303 93 21
11316 86 18
11327 82 16
11331 37 1
11332 5 25
11347 95 1
11354 31 12
11367 45 28
11369 45 8
11378 0 10
11384 74 13
11399 42 2
11418 26 5
11418 89 7
11420 0 28
11430 73 0
11436 43 5
11437 1 25
11438 46 4
11439 91 23
11447 22 6
11448 12 15
11453 8 12
11472 89 24
11473 6 21
11479 95 9
11490 33 20
11502 32 18
11505 86 11
11515 16 13
11528 2 24
11545 62 11
11560 17 1
11565 93 7
11583 23 24
11597 97 13
11605 36 16
11616 19 2
11619 5 0
11628 35 3
11633 67 22
11651 97 9
11652 4 15
11657 34 6
11671 94 10
11683 11 22
11700 85 12
11712 32 20
11718 49 23
11718 27 9
11731 33 10
11732 92 3
11743 14 15
11761 18 2
11768 22 3
11778 48 25
11783 21 7
11802 36 20
11816 66 7
11823 61 22
11832 81 27
11849 82 10
11853 56 4
11867 69 21
11882 70 26
11890 60 15
11892 78 21
11894 64 5
11905 75 8
11922 7 28
11923 67 7
11928 84 20
11930 32 16
11937 51 19
11937 5 5
11955 41 26
11970 13 13
11976 62 22
11980 80 8
11987 53 27
11997 55 8
12004 18 8
12009 5 25
12017 3 25
12032 9 23
12045 16 5
12053 13 11
12062 18 14
12071 14 7
12072 72 23
12091 74 17
12095 20 2
12111 44 22
12126 36 6
12133 5 7
12147 1 28
12160 8 3
12172 76 20
12182 77 13
12192 32 17
12196 59 21
12205 44 16
12216 83 25
12218 17 13
12219 84 25
12233 18 13
12234 16 20
12243 48 11
12261 84 24
12267 32 20
12269 8 15
12275 63 28
12280 31 22
12296 42 17
12299 58 22
12318 0 11
12321 55 1
12326 75 6
12327 12 0
12339 17 10
12344 37 26
12356 38 20
12372 57 16
12380 90 22
12399 49 2
12413 60 8
12431 7 4
12436 59 12
12439 23 16
12451 68 28
12468 15 2
12474 83 2
12481 95 1
12495 76 22
12512 61 9
12530 98 12
12546 17 27
12557 62 17
12560 90 3
12570 37 13
12577 98 9
12587 77 28
12606 14 2
12622 66 22
12623 71 19
12628 17 18
12633 22 0
12646 86 10
12653 8 13
12668 43 26
12670 23 14
12675 63 25
12688 68 12
12695 30 11
12711 11 11
12718 39 26
12721 35 13
12739 38 9
12757 70 0
12763 12 3
12781 97 7
12784 20 1
12799 27 8
12814 74 19
12826 52 18
12832 96 27
12847 30 18
12851 42 16
12867 55 0
12870 85 0
12874 44 28
12884 32 10
12891 77 5
12893 89 12
12901 85 17
12902 13 28
12921 53 27
12921 23 21
12939 54 4
12939 4 4
12940 11 23
12948 91 23
12965 43 7
12982 93 11
13000 75 9
13007 36 18
13020 71 4
13024 94 26
13024 5 4
13043 84 25
13050 8 23
13050 81 6
13055 80 24
13072 87 20
13085 69 2
13094 13 4
13100 83 27
13105 93 14
13120 65 12
13139 61 14
13157 12 17
13158 87 22
13160 76 6
13161 70 26
13164 89 0
13178 58 16
13190 17 18
13201 93 23
13216 33 3
13217 21 8
13234 78 4
13239 18 19
13239 70 20
13252 34 13
13255 16 6
13256 98 10
13267 69 14
13268 86 4
13286 91 11
13303 68 25
13315 58 27
13324 58 15
13336 75 15
13351 51 14
13354 83 15
13361 65 11
13370 92 23
13379 82 21
13385 77 20
13386 84 0
13395 31 22
13400 59 3
13405 41 19
13418 40 1
13431 8 22
13442 5 8
13460 97 20
13469 7 7
13482 91 9
13493 59 0
13505 11 14
13519 37 0
13532 29 10
13539 70 3
13540 18 5
13543 4 2
13544 58 4
13560 90 8
13562 10 24
13579 7 7
13597 14 19
13597 68 24
13603 68 26
13608 64 24
13620 74 5
13638 31 5
13639 51 20
13654 4 5
13666 28 24
13678 82 22
13693 41 23
13705 41 16
13712 28 17
13713 7 22
13728 24 19
13729 84 13
13740 46 23
13745 14 13
13750 28 21
13767 64 15
13772 10 9
13783 41 28
13802 87 15
13812 31 28
13817 7 25
13826 80 19
13845 65 5
13848 90 27
13855 62 15
13863 69 5
13873 58 4
13875 82 11
13875 54 24
13877 6 0
13879 98 16
13881 56 7
13896 4 24
13912 59 24
13917 76 22
13930 29 4
13946 45 12
13950 56 28
13967 23 23
13981 14 19
13985 61 0
13992 77 6
14008 25 10
14027 25 23
14029 85 18
14041 39 19
14053 23 27
14053 78 1
14066 85 14
14067 11 12
14076 23 7
14082 26 11
14101 85 3
14108 33 19
14127 38 7
14132 32 6
14146 96 5
14152 23 21
14163 3 25
14174 20 19
14192 39 24
14193 14 20
14199 19 15
14203 57 18
14215 36 23
14216 36 16
14231 76 3
14233 52 9
14233 69 13
14247 2 23
14264 54 25
14276 85 26
14282 95 26
14282 60 14
14288 75 13
14307 77 10
14321 34 2
14333 5 18
14339 50 24
14354 60 15
14361 98 2
14379 43 10
14397 50 18
14406 80 16
14408 23 11
14424 94 20
14428 55 25
14429 12 16
14429 88 23
14447 68 25
14453 60 20
14470 21 18
14488 16 23
14507 77 17
14522 49 10
14535 25 17
14543 34 14
14560 95 17
14569 3 14
14577 44 0
14581 97 7
14591 57 3
14603 68 3
14605 94 1
14624 66 12
14641 53 23
14651 44 27
14658 82 4
14659 94 13
14668 22 13
14670 51 1
14681 27 21
14692 52 4
14711 42 5
14712 74 26
14721 87 7
14732 97 28
14749 51 13
14750 52 24
14767 95 5
14779 90 0
14795 50 27
14795 91 2
14804 44 24
14823 34 4
14825 48 23
14837 93 5
14847 6 15
14851 97 28
14868 75 23
14883 46 23
14890 87 1
14893 72 18
14894 2 17
14911 3 12
14925 25 1
14933 43 11
14934 94 20
14938 21 11
14939 27 15
14948 72 10
14953 3 23
14967 93 12
14969 90 19
14971 24 14
14990 10 1
14996 95 16
15010 23 20
15012 31 6
15021 61 26
15038 35 11
15050 32 18
15052 92 22
15066 52 6
15072 79 28
15080 71 5
15099 16 7
15118 49 3
15125 41 27
15127 89 18
15130 49 4
15140 39 11
15148 28 8
15161 16 22
15164 88 11
15178 66 19
15193 20 10
15207 34 5
15213 61 2
15228 56 7
15243 37 16
15246 8 26
15251 20 13
15251 12 13
15253 69 8
15258 33 0
15273 91 15
15273 56 9
15275 61 10
15288 41 18
15296 44 0
15299 49 17
15312 4 22
15315 85 18
15317 5 15
15323 94 11
15331 56 4
15349 41 25
15353 39 15
15357 42 17
15371 54 27
15389 76 9
15396 91 9
15397 5 12
15411 40 3
15430 71 14
15430 96 25
15431 10 28
15449 60 18
15450 25 10
15469 11 8
15484 68 1
15494 72 13
15494 27 16
15497 64 14
15506 55 15
15516 20 12
15526 46 1
15542 69 16
15555 82 25
15557 20 22
15565 83 14
15568 59 9
15573 90 13
15588 12 21
15591 63 4
15592 94 11
15598 10 10
15611 46 18
15624 43 28
15628 41 6
15643 54 2
15647 53 0
15660 65 18
15660 32 22
15663 25 8
15680 18 9
15683 86 6
15685 37 16
15704 49 10
15706 8 20
15714 75 12
15729 95 10
15746 24 1
15748 38 28
15749 30 25
15749 82 6
15763 95 12
15778 14 1
15796 41 22
15799 97 28
15803 1 28
15810 44 27
15821 69 10
15825 13 28
15831 39 11
15835 66 26
15835 96 0
15853 82 22
15855 84 8
15856 60 21
15870 76 9
15872 15 22
15874 96 14
15888 54 19
15892 32 14
15904 35 24
15913 18 27
15915 72 0
15934 32 19
15936 68 26
15946 33 0
15961 11 24
15979 94 24
15986 24 19
16002 50 23
16005 0 2
16024 71 7
16040 60 24
16045 34 13
16064 30 22
16081 29 25
16084 80 26
16089 80 3
16102 25 19
16104 94 6
16111 48 17
16127 79 23
16143 49 8
16160 1 9
16168 53 26
16174 8 2
16184 0 23
16200 29 23
16217 26 25
16227 77 15
16231 13 18
16248 70 10
16266 43 7
16278 27 16
16296 50 2
16301 45 5
16314 16 4
16326 3 22
16343 53 2
16358 29 18
16373 60 19
16383 71 1
16395 46 27
16395 41 25
16396 50 20
16412 38 22
16421 82 9
16431 56 5
16440 14 13
16456 66 15
16460 32 13
16469 8 24
16485 25 3
16501 12 28
16504 61 17
16511 21 5
16528 20 16
16535 24 23
16539 67 25
16551 36 2
16557 81 12
16562 97 22
16571 54 0
16574 56 26
16584 91 3
16603 64 24
16612 56 5
16625 76 25
16634 90 21
16635 88 13
16645 40 19
16661 4 12
16668 95 21
16679 30 8
16687 12 16
16699 16 21
16702 45 4
16708 10 7
16715 15 11
16723 70 25
16740 64 0
16759 39 13
16774 11 11
16777 47 6
16794 34 19
16801 32 22
16807 37 28
16810 97 6
16812 93 12
16816 94 17
16824 22 17
16832 28 1
16843 50 16
16852 59 5
16859 89 13
16859 48 2
16866 12 19
16875 48 17
16885 9 19
16888 45 17
16906 75 23
16915 14 27
16934 35 19
16946 55 15
16957 49 24
16971 92 22
16987 2 11
16992 98 7
17007 84 26
17014 7 25
17031 7 19
17041 23 8
17055 34 4
17066 51 27
17071 37 14
17089 45 4
17107 53 26
17110 66 5
17127 48 1
17128 9 13
17133 71 24
17149 30 18
17150 39 27
17163 3 26
17173 40 18
17184 42 4
17200 37 6
17200 3 5
17205 4 9
17222 93 18
17222 96 21
17227 67 8
17228 6 5
17237 2 28
17247 55 20
17253 71 16
17269 26 10
17284 54 6
17295 41 24
17309 53 0
17323 97 14
17326 98 26
17344 93 7
17353 87 18
17365 50 26
17369 6 18
17388 68 18
17388 44 3
17389 58 13
17404 57 14
17422 40 22
17437 60 10
17448 77 27
17460 21 8
17462 12 17
17466 0 24
17469 90 9
17476 65 1
17493 88 16
17495 78 14
17513 21 25
17513 1 10
17528 25 14
17528 65 16
17542 26 13
17545 48 7
17553 75 0
17559 78 7
17572 88 18
17576 26 14
17593 77 9
17599 53 0
17605 67 25
17623 97 11
17630 78 24
17644 23 2
17647 67 18
17664 7 18
17667 39 5
17672 5 7
17687 79 4
17701 3 25
17704 57 5
17704 7 26
17720 57 19
17729 5 22
17736 36 3
17743 86 14
17756 26 5
17759 86 11
17761 90 6
17770 51 14
17775 34 2
17779 8 24
17784 67 28
17786 43 17
17799 0 9
17813 0 23
17823 85 5
17824 57 24
17830 43 10
17840 3 14
17844 76 3
17858 11 7
17871 29 22
17889 28 22
17895 19 21
17903 6 25
17907 53 28
17914 56 24
17927 66 15
17931 4 27
17935 13 22
17947 68 24
17961 82 12
17977 25 16
17993 87 4
17998 94 25
18006 2 7
18019 15 22
18019 80 10
18023 46 26
18035 93 7
18046 23 6
18046 74 19
18062 42 9
18072 32 16
18085 23 12
18091 44 26
18105 14 17
18114 63 11
18118 41 26
18127 71 12
18141 52 22
18155 56 10
18161 81 16
18169 65 1
18185 76 3
18199 29 15
18203 73 12
18220 15 10
18229 10 2
18245 19 10
18260 66 25
18271 54 18
18283 41 27
18297 75 14
18314 77 16
18333 58 7
18348 59 24
18361 89 5
18378 10 22
18381 65 1
18400 71 11
18419 71 22
18434 79 13
18452 12 23
18463 56 9
18469 91 20
18482 7 14
18491 84 9
18506 97 28
18515 1 24
18515 83 23
18526 67 2
18540 6 7
18550 59 26
18559 0 6
18576 50 6
18590 96 0
18604 7 22
18604 98 9
18615 15 21
18620 97 17
18622 94 16
18640 3 10
18644 26 15
18644 98 9
18661 25 23
18677 33 4
18689 17 13
18702 93 0
18721 94 17
18729 63 17
18742 53 11
18748 54 16
18757 85 26
18757 23 1
18757 51 16
18772 91 6
18775 52 12
18781 51 19
18785 63 7
18790 30 4
18793 39 24
18801 96 26
18818 44 19
18837 11 25
18855 93 0
18856 85 27
18864 32 21
18878 22 4
18894 87 2
18897 27 5
18916 6 10
18926 75 14
18945 71 5
18961 8 6
18968 12 6
18976 20 6
18981 13 9
18994 19 27
19012 97 19
19030 32 2
19034 37 18
19046 15 11
19057 29 21
19062 35 6
19070 68 23
19080 51 3
19080 85 5
19088 79 3
19105 54 2
19108 41 12
19126 36 1
19142 22 12
19153 58 9
19169 52 24
19183 79 8
19199 47 0
19216 31 10
19216 87 10
19229 73 11
19248 29 24
19249 18 5
19249 23 22
19262 67 11
19263 11 27
19274 53 26
19277 35 3
19280 27 11
19292 63 28
19305 94 26
19324 41 11
19333 7 25
19345 63 13
19346 35 13
19354 75 10
19358 6 18
19372 82 21
19381 95 1
19394 98 7
19413 62 7
19431 55 19
19442 38 25
19455 58 1
19465 66 7
19472 42 15
19485 61 1
19493 3 18
19500 80 25
19508 32 5
19510 79 22
19515 18 6
19515 87 3
19521 34 11
19534 88 13
19541 20 8
19557 47 8
19561 20 24
19573 72 5
19589 0 17
19604 35 19
19606 39 1
19609 47 18
19623 21 0
19635 65 16
19652 82 25
19653 67 12
19663 85 5
19678 32 11
19697 7 26
19697 9 17
19715 49 19
19719 28 22
19730 26 9
19736 41 0
19741 33 7
19759 15 17
19775 19 26
19780 4 17
19788 44 16
19798 31 20
19813 57 25
19822 73 28
19837 18 12
19841 57 11
19846 6 14
19858 38 1
19864 9 18
19875 6 1
19893 53 4
19898 21 20
19909 69 2
19916 32 12
19919 47 21
19922 90 25
19937 52 26
19955 60 3
19955 83 28
19971 82 23
19978 78 8
19984 75 5
19993 35 27
19996 87 11
20002 97 13
20011 22 26
20024 38 6
20038 38 26
20040 80 21
20052 2 21
20058 97 8
20065 45 8
20067 73 26
20081 23 18
20090 46 20
20090 90 20
20105 72 11
20123 79 11
20136 97 14
20142 3 3
20156 94 26
20162 66 13
20175 27 19
20177 80 0
20189 17 16
20195 36 5
20205 40 24
20205 40 21
20210 23 15
20224 36 3
20239 61 11
20258 94 21
20271 84 0
20275 32 21
20280 70 24
20291 95 25
20301 24 23
20306 8 6
20310 19 4
20322 53 17
20334 71 3
20346 91 20
20364 9 21
20371 83 10
20387 73 28
20395 57 12
20405 60 1
20406 36 16
20412 30 2
20414 7 9
20419 44 21
20426 63 8
20429 65 16
20432 2 27
20448 40 5
20464 68 18
20476 21 18
20476 71 11
20490 23 20
20505 85 22
20507 30 3
20508 91 28
20518 51 12
20534 57 2
20547 59 4
20556 67 16
20566 24 23
20572 20 11
20581 34 28
20581 37 9
20593 61 14
20601 30 25
20605 55 10
20614 98 20
20632 55 5
20635 42 16
20646 67 24
20650 11 26
20656 36 10
20656 23 24
20673 79 1
20681 76 14
20695 19 9
20711 85 25
20723 33 21
20742 27 17
20759 74 24
20765 94 14
20776 16 9
20779 55 2
20784 18 9
20795 67 24
20802 26 10
20807 94 15
20815 46 20
20832 95 5
20841 15 15
20843 55 8
20855 81 0
20862 5 8
20864 79 17
20872 55 21
20886 3 17
20901 78 16
20906 79 18
20921 91 11
20937 30 5
20943 33 10
20944 84 28
20950 86 9
20960 51 24
20962 90 0
20976 77 17
20985 48 5
20987 62 12
20992 8 13
20992 61 17
21001 88 8
21003 57 10
21012 4 8
21027 75 12
21030 89 4
21044 73 6
21051 67 7
21063 35 20
21064 64 11
21068 31 4
21077 48 2
21095 28 0
21100 26 26
21115 46 19
21117 61 5
21123 76 5
21141 41 10
21150 63 19
21151 21 15
21168 44 12
21174 97 19
21179 30 11
21183 84 26
21200 0 0
21212 88 0
21223 22 20
21236 88 18
21244 40 0
21253 59 7
21256 32 10
21263 47 9
21281 75 22
21292 27 27
21302 40 14
21308 29 22
21310 79 26
21312 91 14
21313 62 22
21324 61 18
21337 54 7
21347 2 14
21357 81 17
21362 94 6
21373 88 17
21381 2 15
21382 47 23
21394 36 0
21403 19 28
21420 90 2
21436 41 8
21450 97 2
21462 84 9
21463 82 24
21467 82 25
21470 41 13
21472 91 1
21473 5 14
21479 62 17
21491 95 27
21491 93 6
21499 13 2
21513 13 25
21516 39 4
21531 48 16
21531 22 2
21533 27 26
21533 47 27
21534 67 25
21536 29 14
21544 55 7
21560 81 13
21570 39 1
21575 82 1
21579 47 6
21588 4 28
21603 5 26
21611 42 9
21623 35 26
21623 39 22
21634 88 25
21639 87 8
21656 73 19
21663 38 25
21667 12 13
21668 59 19
21679 95 0
21693 17 28
21700 94 25
21713 10 12
21718 95 21
21722 30 20
21731 6 5
21736 8 1
21744 41 21
21763 64 24
21769 51 15
21787 27 12
21797 66 1
21804 13 19
21813 73 28
21831 2 15
21849 36 14
21853 72 6
21872 7 5
21884 30 16
21902 69 4
21920 68 4
21937 26 1
21939 47 11
21954 96 15
21970 65 16
21977 46 14
21978 27 17
21983 51 14
21992 31 21
22002 9 15
22021 3 7
22030 9 17
22038 21 0
22051 45 9
22063 73 21
22072 8 10
22081 89 12
22097 6 26
22116 21 3
22126 79 6
22126 21 9
22136 11 16
22150 29 7
22152 18 28
22167 29 2
22172 2 7
22173 57 3
22188 58 11
22191 4 15
22206 62 20
22215 27 11
22230 79 2
22235 47 22
22240 8 2
22241 38 15
22255 80 0
22273 31 14
22274 74 19
22285 73 19
22295 18 1
22302 9 15
22303 58 11
22306 0 12
22308 74 15
22319 89 5
22336 80 10
22348 49 23
22367 27 1
22386 29 11
22399 54 27
22401 45 7
22408 84 25
22419 58 9
22429 96 26
22439 45 5
22449 17 26
22450 80 8
22467 25 15
22473 49 24
22492 24 14
22511 90 22
22515 32 20
22528 82 1
22541 24 21
22547 18 7
22561 14 4
22574 42 15
22591 67 27
22599 71 0
22607 11 16
22623 67 28
22636 63 1
22644 44 7
22663 29 24
22674 70 27
22686 54 18
22691 76 21
22701 14 17
22701 82 25
22717 66 19
22721 89 2
22724 24 18
22742 6 6
22757 37 15
22758 39 23
22766 63 4
22772 71 3
22783 57 22
22785 2 17
22803 94 11
22811 11 6
22816 76 25
22835 55 25
22851 76 27
22860 47 6
22868 92 3
22879 7 21
22894 90 12
22910 44 24
22924 60 10
22933 93 25
22936 33 19
22937 95 22
22949 11 16
22956 98 25
22966 57 17
22968 55 19
22981 64 25
22989 75 16
23007 98 15
23011 27 8
23021 75 26
23029 14 12
23030 94 16
23037 98 18
23043 49 25
23054 47 28
23070 57 9
23072 78 5
23087 91 0
23092 83 17
23100 85 13
23109 69 17
23118 87 7
23118 77 24
23129 94 26
23144 27 27
23150 62 10
23165 47 25
23166 50 8
23179 89 6
23198 64 27
23217 25 14
23229 45 22
23248 72 3
23262 44 14
23266 4 4
23272 37 11
23289 19 26
23289 64 5
23297 44 6
23315 41 20
23316 74 14
23335 46 16
23338 72 23
23349 34 21
23363 54 1
23380 90 2
23387 67 14
23395 61 21
23405 65 3
23422 34 8
23423 37 28
23437 30 1
23440 24 4
23451 43 15
23465 97 7
23479 77 1
23488 92 16
23497 74 27
23506 6 27
23521 53 14
23527 6 6
23543 1 21
23548 8 5
23562 5 5
23565 77 21
23568 87 16
23581 26 28
23598 13 11
23611 10 13
23617 97 6
23632 76 26
23641 61 3
23648 33 18
23653 28 7
23658 29 2
23658 87 6
23663 57 25
23680 41 11
23684 9 8
23700 33 2
23715 92 2
23727 75 19
23745 2 8
23757 1 7
23762 30 12
23779 70 26
23789 62 10
23800 32 5
23800 73 9
23816 8 14
23816 95 14
23827 51 15
23832 95 10
23838 22 25
23854 77 19
23858 68 13
23877 65 13
23879 75 11
23886 43 15
23890 79 0
23892 90 28
23908 38 27
23925 82 11
23944 27 7
23948 16 16
23955 13 23
23964 27 21
23979 93 26
23990 91 23
24008 30 1
24025 70 18
24038 31 14
24044 95 11
24061 58 6
24078 63 17
24091 72 17
24107 77 12
24111 26 6
24119 31 0
24127 81 21
24134 1 10
24140 41 1
24158 63 18
24165 13 15
24182 15 27
24194 4 3
24205 13 15
24209 87 5
24223 38 27
24231 13 20
24233 79 3
24244 70 24
24260 89 19
24266 31 11
24285 37 19
24303 84 20
24317 42 9
24330 21 20
24349 52 9
24360 70 1
24377 68 23
24387 18 7
24404 25 11
24414 51 7
24422 36 25
24432 64 24
24435 39 17
24446 95 21
24447 87 3
24464 37 20
24467 34 22
24475 41 0
24488 96 1
24504 95 5
24516 97 18
24532 12 8
24551 29 25
24565 90 27
24577 20 21
24581 51 22
24586 42 19
24596 10 27
24606 38 13
24620 95 4
24622 25 7
24640 93 8
24648 40 8
24665 5 15
24665 49 22
24680 37 1
24699 96 2
24703 88 16
24707 59 26
24714 46 11
24721 44 25
24726 94 3
24735 86 19
24749 25 15
24757 37 13
24769 24 7
24775 10 27
24780 49 3
24780 66 3
24793 26 8
24797 61 13
24807 16 11
24823 19 26
24840 34 27
24840 65 19
24851 81 21
24866 11 1
24877 33 22
24879 40 6
24885 96 27
24888 83 6
24892 32 26
24901 19 3
24903 81 5
24913 13 14
24913 49 26
24913 53 28
24931 39 3
24941 2 17
24950 43 15
24953 86 13
24953 48 9
24965 51 8
24968 24 7
24979 51 19
24988 7 7
25004 12 10
25018 22 23
25028 40 3
25033 28 5
25046 98 25
25064 25 9
25080 88 8
25085 15 27
25102 81 15
25117 18 11
25129 13 25
25139 16 27
25146 93 7
25147 43 28
25147 14 16
25151 49 1
25154 47 15
25167 72 19
25178 14 25
25192 63 7
25203 88 13
25211 35 2
25226 94 8
25236 24 8
25254 58 20
25265 18 5
25278 6 17
25293 36 3
25305 30 23
25317 32 21
25328 91 13
25333 40 16
25337 87 25
25345 27 14
25358 16 15
25367 63 22
25372 0 1
25386 94 8
25395 88 25
25414 64 21
25430 29 23
25448 1 23
25460 81 27
25462 9 9
25472 62 4
25478 18 12
25489 90 4
25493 25 17
25505 10 12
25523 19 22
25523 72 3
25529 86 15
25539 14 6
25550 54 0
25555 10 13
25559 28 11
25562 33 16
25581 78 28
25583 68 17
25596 20 6
25597 95 26
25599 58 13
25607 22 16
25614 3 28
25628 28 18
25638 34 11
25652 64 18
25666 52 10
25678 25 8
25678 97 22
25678 86 19
25678 15 19
25686 40 1
25700 5 16
25700 96 4
25709 17 27
25724 12 7
25742 44 23
25748 57 21
25750 12 11
25764 80 16
25768 83 2
25786 22 3
25790 24 23
25793 40 3
25807 58 6
25812 3 19
25817 98 26
25817 70 4
25821 80 10
25840 11 16
25849 42 3
25859 54 22
25871 4 22
25871 15 9
25889 92 18
25890 44 5
25894 1 0
25895 69 18
25904 14 3
25921 76 17
25937 15 1
25944 84 19
25963 11 16
25975 41 1
25981 57 1
25997 48 0
26016 41 4
26026 18 4
26026 65 0
26044 83 27
26045 52 4
26058 20 28
26062 88 13
26071 19 7
26080 90 4
26098 52 6
26109 85 2
26121 1 26
26129 51 28
26147 3 28
26166 93 24
26176 91 24
26183 95 25
26197 30 3
26200 14 20
26201 12 17
26202 1 11
26220 30 21
26228 34 11
26228 43 11
26241 84 11
26260 21 23
26264 97 14
26268 15 12
26280 0 9
26281 92 1
26297 62 4
26304 69 6
26313 40 21
26332 33 14
26348 93 13
26363 36 23
26382 28 23
26397 68 28
26403 61 16
26407 39 2
26411 17 7
26412 17 15
26431 8 27
26435 41 18
26440 1 23
26445 7 22
26446 58 21
26465 77 0
26479 36 1
26488 27 28
26497 7 4
26503 90 0
26507 51 0
26520 41 2
26527 79 11
26537 86 24
26554 32 21
26561 91 7
26567 29 23
26585 84 28
26590 54 24
26592 9 25
26597 93 2
26610 37 5
26612 35 14
26618 71 15
26620 58 0
26630 30 16
26638 88 5
26654 31 24
26667 98 7
26686 25 28
26689 47 4
26702 52 14
26712 92 26
26728 58 22
26741 22 17
26754 23 20
26768 52 17
26772 71 14
26785 32 26
26788 62 3
26788 2 1
26797 20 9
26811 82 12
26829 74 1
26847 88 20
26851 55 6
26864 18 6
26875 58 10
26890 30 11
26909 36 24
26922 27 17
26933 92 22
26942 80 21
26947 97 7
26964 14 7
26975 48 16
26980 2 27
26980 21 24
26989 75 10
26997 20 27
27009 72 22
27025 26 2
27044 27 6
27050 5 25
27056 31 1
27059 91 2
27062 30 4
27062 15 1
27081 7 6
27085 56 4
27087 28 5
27087 43 9
27104 3 16
27119 96 0
27124 92 1
27127 67 19
27143 18 27
27157 97 27
27169 4 15
27169 14 10
27187 3 18
27195 19 25
27200 1 11
27209 58 18
27225 52 2
27234 43 28
27240 59 28
27259 59 28
27263 6 2
27275 70 25
27282 1 1
27299 55 9
27306 46 3
27318 13 17
27320 59 19
27321 90 25
27340 46 23
27341 84 24
27350 9 3
27361 38 6
27371 85 22
27378 58 15
27384 31 22
27388 92 24
27399 25 14
27406 32 8
27419 46 25
27421 47 9
27439 16 21
27452 86 6
27470 21 14
27478 35 12
27485 39 23
27487 59 13
27501 32 19
27511 23 16
27518 25 2
27531 38 20
27531 65 23
27542 4 26
27546 29 6
27562 63 2
27567 86 14
27586 95 7
27589 35 25
27607 76 19
27617 52 26
27617 85 3
27636 57 14
27649 29 3
27655 63 26
27664 19 2
27671 26 25
27677 62 24
27679 8 2
27681 39 23
27700 32 27
27703 15 12
27707 52 10
27708 20 0
27726 1 10
27744 1 28
27754 36 11
27756 37 13
27774 84 1
27780 49 17
27793 11 4
27812 41 8
27819 56 15
27838 85 10
27842 95 28
27842 45 13
27842 73 2
27846 56 15
27850 44 24
27869 52 4
27885 27 4
27887 89 27
27889 88 8
27891 93 13
27902 27 9
27918 14 15
27919 74 22
27924 7 18
27943 80 0
27958 98 3
27975 70 8
27988 41 28
27993 89 5
28004 81 7
28018 48 13
28029 3 24
28038 98 21
28052 21 5
28057 22 1
28057 26 13
28064 87 7
28081 35 18
28098 34 11
28115 29 25
28119 83 15
28131 13 25
28147 43 28
28152 2 19
28162 35 20
28165 70 0
28178 23 11
28181 25 9
28190 95 6
28203 87 2
28203 42 27
28214 49 28
28214 69 0
28214 67 22
28231 22 17
28241 46 4
28254 16 4
28265 12 8
28268 81 6
28278 93 23
28294 2 12
28294 44 21
28303 12 17
28307 92 25
28307 37 28
28310 95 20
28329 48 28
28341 81 9
28345 84 13
28355 83 13
28366 28 11
28373 65 26
28378 21 3
28397 28 19
28416 98 6
28430 44 16
28432 94 24
28440 44 21
28444 66 18
28460 40 28
28475 76 6
28490 78 22
28494 75 12
28513 6 4
28526 37 28
28536 67 13
28546 39 19
28554 97 11
28562 82 8
28580 6 25
28597 72 27
28604 27 12
28615 13 21
28622 3 5
28629 30 11
28646 69 2
28660 56 26
28666 16 10
28677 28 10
28685 64 23
28696 41 1
28708 91 12
28726 48 23
28740 83 12
28754 31 6
28766 26 3
28775 20 25
28786 1 14
28792 9 9
28805 69 22
28808 61 7
28810 72 0
28811 63 19
28824 69 5
28825 65 14
28840 86 1
28852 1 2
28866 91 10
28867 2 19
28883 20 9
28897 82 25
28905 15 5
28918 18 24
28919 26 6
28937 53 15
28938 93 20
28952 80 24
28957 19 12
28961 96 15
28975 24 1
28992 93 17
28992 4 3
29001 33 12
29002 9 18
29012 90 9
29015 34 18
29029 56 0
29044 62 19
29051 21 16
29063 32 21
29069 2 6
29085 86 4
29099 53 19
29103 19 18
29111 40 0
29118 81 26
29136 79 21
29152 66 5
29168 71 28
29175 0 28
29183 50 26
29189 59 23
29201 77 3
29206 74 6
29223 34 17
29237 29 27
29253 9 5
29262 67 0
29278 67 7
29291 3 1
29304 7 11
29315 77 16
29316 53 28
29321 46 5
29323 14 14
29325 40 23
29328 52 2
29345 16 9
29357 6 1
29373 48 27
29378 52 20
29386 32 2
29399 77 12
29412 54 28
29416 72 3
29434 48 21
29436 50 28
29451 30 3
29466 13 17
29479 81 19
29485 84 27
29495 90 19
29498 45 8
29507 76 9
29526 13 23
29535 65 28
29542 71 11
29559 22 12
29566 1 22
29570 90 16
29587 9 1
29590 39 8
29607 60 7
29617 80 23
29623 67 3
29640 6 4
29659 87 2
29676 82 28
29682 41 26
29695 28 2
29701 77 4
29707 73 16
29715 96 26
29724 51 20
29739 66 12
29741 96 1
29760 39 3
29769 38 26
29780 24 12
29797 13 24
29812 80 14
29825 26 24
29825 73 4
29837 88 2
29848 45 11
29853 12 28
29856 76 12
29872 2 4
29877 90 20
29891 3 20
29909 47 6
29915 93 11
29927 81 1
29945 81 22
29959 15 27
29972 67 13
29990 89 9
29998 77 19
30007 21 11
30008 7 9
30014 8 12
30015 96 25
30031 39 14
30036 9 1
30054 57 17
30073 64 9
30092 14 7
30108 13 20
30121 51 17
30127 80 28
30145 95 28
30162 53 16
30171 72 21
30178 65 2
30189 6 28
30199 71 3
30215 7 7
30233 0 18
30235 73 14
30249 4 2
30267 87 19
30268 0 20
30283 77 26
30291 6 5
30297 98 16
30313 15 15
30323 58 20
30337 60 16
30352 27 14
30355 77 6
30373 88 3
30374 44 5
30386 36 17
30400 91 1
30413 43 1
30413 47 25
30418 54 1
30420 15 9
30432 13 26
30435 16 12
30452 98 22
30464 74 9
30465 89 28
30473 25 3
30490 68 19
30494 81 2
30510 0 9
30526 76 15
30527 56 1
30527 1 7
30535 62 21
30554 94 14
30572 63 13
30581 62 16
30587 82 23
30600 73 23
30618 15 8
30627 30 13
30629 16 9
30630 54 15
30638 69 26
30653 29 0
30672 78 22
30683 6 14
30683 80 5
30702 67 9
30703 62 17
30720 74 0
30738 29 21
30750 46 1
30756 40 25
30773 37 6
30783 14 6
30800 41 5
30817 58 13
30836 26 28
30852 45 4
30860 74 24
30869 91 8
30877 49 27
30890 53 5
30907 72 15
30918 87 5
30936 51 10
30944 55 4
30963 38 4
30982 13 19
30994 18 6
31013 2 18
31026 96 3
31042 68 0
31053 82 17
31066 64 9
31079 36 14
31083 57 19
31089 46 27
31103 37 28
31113 40 0
31118 44 16
31137 89 23
31138 11 18
31148 86 21
31158 67 14
31168 75 16
31174 60 12
31193 71 16
31211 57 18
31212 16 15
31231 68 20
31238 39 5
31250 15 17
31268 80 1
31277 39 20
31279 36 18
31293 61 0
31298 68 7
31314 95 27
31323 41 26
31326 39 0
31326 98 14
31342 17 25
31359 69 27
31367 53 17
31372 53 12
31381 95 0
31387 39 22
31406 45 18
31414 84 16
31423 58 26
31441 50 7
31442 38 20
31456 10 11
31461 94 25
31476 64 17
31490 59 6
31502 38 1
31508 55 16
31524 63 20
31535 29 25
31536 67 9
31539 11 0
31549 7 4
31551 16 14
31564 93 12
31582 1 0
31595 79 24
31596 51 23
31602 78 8
31605 81 6
31614 96 1
31632 43 12
31633 54 21
31649 73 4
31656 66 17
31668 79 0
31685 86 15
31697 96 9
31698 3 25
31711 83 1
31724 23 27
31737 18 28
31745 12 21
31746 20 5
31754 92 19
31764 56 19
31782 76 13
31799 3 26
31817 18 8
31830 67 16
31835 23 22
31837 47 26
31838 85 24
31840 17 2
31850 79 11
31855 76 9
31864 11 22
31874 16 18
31878 39 20
31881 70 4
31883 20 1
31885 80 4
31898 11 21
31900 48 23
31910 5 13
31927 64 2
31940 4 1
31959 89 28
31969 28 19
31977 32 16
31986 7 12
32000 20 2
32000 72 11
32019 57 25
32024 26 24
32036 60 6
32048 14 26
32062 85 9
32078 71 20
32091 35 18
32106 94 4
32125 58 3
32142 34 13
32152 56 6
32161 61 0
32175 2 21
32184 24 2
32188 3 8
32204 72 28
32207 91 17
32215 77 1
32223 52 19
32241 85 22
32249 96 28
32256 86 24
32265 47 12
32265 31 3
32280 44 1
32290 34 7
32290 3 13
32302 9 12
32303 81 8
32315 24 4
32330 26 17
32345 28 4
32362 23 3
32377 55 1
32383 49 2
32400 28 23
32417 83 26
32422 5 3
32438 75 19
32438 90 22
32438 45 18
32454 38 21
32463 90 15
32473 31 15
32490 84 12
32504 16 0
32508 14 16
32511 17 4
32511 93 25
32518 56 26
32526 34 17
32529 28 10
32546 63 17
32549 1 14
32559 27 5
32573 33 8
32585 61 26
32585 46 28
32596 87 4
32602 66 23
32619 92 13
32629 0 7
32631 9 19
32641 14 25
32660 32 1
32666 36 27
32684 16 27
32688 37 8
32700 73 11
32708 51 2
32726 37 4
32739 98 11
32740 6 25
32744 11 26
32758 54 18
32775 23 12
32781 18 13
32788 78 15
32801 4 13
32810 78 27
32820 41 27
32830 5 19
32835 66 5
32843 42 24
32853 22 7
32867 4 1
32882 35 13
32886 1 24
32886 67 19
32887 31 0
32901 76 17
32905 26 7
32920 57 18
32920 76 13
32922 27 2
32940 94 12
32952 25 12
32970 37 25
32979 30 13
32994 20 12
32996 52 15
33006 40 6
33022 7 15
33039 71 14
33041 60 14
33059 59 17
33060 85 6
33070 17 24
33089 64 19
33095 49 16
33097 33 5
33104 43 25
33112 0 21
33117 34 9
33133 39 18
33146 72 27
33161 21 14
33178 66 8
33189 98 28
33192 94 20
33194 42 17
33202 78 16
33218 93 14
33226 59 1
33233 29 0
33238 65 3
33255 41 17
33271 21 3
33283 71 3
33296 12 7
33296 68 0
33308 83 18
33314 23 22
33318 44 5
33318 27 8
33328 46 15
33347 56 5
33362 33 22
33375 85 4
33393 51 11
33402 98 14
33418 20 3
33432 56 0
33438 42 17
33442 39 21
33452 27 15
33462 8 0
33470 30 17
33487 56 27
33491 88 11
33502 43 25
33509 77 14
33524 10 1
33532 50 17
33540 0 18
33543 41 4
33543 22 21
33558 5 19
33569 94 3
33579 56 7
33579 90 8
33598 62 5
33610 80 25
33619 54 4
33625 85 28
33626 40 5
33627 70 18
33629 28 5
33647 15 22
33647 26 28
33650 56 8
33656 90 22
33664 5 0
33682 56 2
33697 63 14
33714 71 28
33729 22 28
33736 79 12
33752 67 23
33752 1 0
33759 17 7
33760 51 17
33767 86 15
33786 51 20
33804 4 8
33823 37 20
33825 94 22
33836 85 16
33849 36 6
33863 97 14
33879 57 24
33886 76 22
33897 21 0
33903 63 13
33919 69 2
33924 12 4
33933 67 21
33940 74 27
33946 26 27
33948 23 23
33962 7 12
33966 50 12
33974 81 23
33975 97 13
33992 14 11
34003 37 28
34019 73 28
34029 30 26
34034 75 4
34050 78 22
34056 74 15
34069 9 1
34082 23 18
34085 82 15
34085 71 13
34090 13 18
34099 33 16
34105 67 15
34114 31 9
34118 0 22
34130 9 23
34146 16 16
34157 87 28
34173 81 28
34176 27 24
34188 55 10
34200 14 11
34200 41 19
34206 20 20
34212 1 7
34219 36 26
34224 58 11
34237 34 17
34242 57 21
34247 7 27
34258 35 22
34269 19 18
34283 30 13
34294 75 27
34312 16 22
34319 56 19
34331 96 10
34342 35 17
34359 29 23
34372 88 12
34383 83 18
34395 51 17
34405 35 17
34413 78 1
34422 75 10
34422 25 1
34427 20 28
34437 53 14
34438 32 23
34456 65 7
34462 28 17
34481 93 11
34483 36 7
34494 43 21
34497 26 18
34508 77 16
34524 59 16
34543 89 5
34554 26 20
34562 59 11
34581 11 16
34589 77 15
34600 72 0
34619 33 1
34632 52 1
34645 10 4
34648 9 22
34649 92 1
34653 22 13
34662 85 12
34670 92 25
34682 92 23
34685 10 17
34702 29 13
34719 96 10
34738 50 8
34754 72 20
34764 89 14
34765 33 15
34779 9 5
34783 20 22
34800 49 21
34809 35 0
34813 3 4
34825 92 25
34837 49 18
34840 36 25
34840 2 2
34846 43 5
34849 58 21
34865 80 9
34875 29 12
34892 51 15
34900 44 4
34906 41 13
34924 26 22
34937 22 18
34951 44 11
34963 27 24
34982 44 7
34995 22 14
35010 38 16
35013 55 6
35017 6 5
35034 51 11
35041 29 21
35052 97 10
35062 33 13
35081 38 14
35093 57 1
35112 44 6
35128 12 24
35142 17 4
35157 13 25
35176 72 2
35179 6 24
35184 28 5
35203 25 16
35212 78 25
35215 56 28
35232 34 21
35247 69 2
35259 65 4
35272 72 22
35272 76 7
35281 54 22
35290 56 15
35294 17 16
35296 20 19
35314 93 24
35323 34 24
35337 70 5
35339 79 17
35344 91 16
35351 43 27
35356 66 7
35367 84 19
35371 56 8
35381 54 8
35392 40 8
35398 24 0
35405 69 19
35417 75 13
35433 58 26
35447 48 22
35459 27 15
35475 0 12
35487 21 21
35495 58 25
35496 75 6
35515 58 25
35534 25 28
35536 92 8
35554 65 6
35571 74 11
35578 75 16
35585 71 4
35587 59 9
35602 18 10
35605 78 9
35621 70 19
35631 45 0
35634 17 3
35638 10 19
35648 75 19
35655 34 21
35655 79 6
35670 51 4
35686 47 11
35704 42 19
35704 6 0
35719 1 4
35724 31 28
35742 14 2
35754 4 25
35762 91 14
35766 20 4
35785 23 16
35802 91 20
35819 96 23
35822 88 23
35828 77 5
35840 83 18
35843 31 13
35845 69 0
35864 9 18
35869 61 7
35883 88 1
35889 86 16
35895 28 16
35906 13 8
35922 63 7
35937 20 2
35951 35 18
35963 9 11
35971 2 2
35979 14 21
35994 44 13
36007 27 4
36026 81 19
36043 69 0
36046 69 19
36053 12 23
36068 57 24
36084 15 3
36094 7 17
36102 86 3
36112 28 14
36129 50 22
36142 93 22
36160 9 17
36168 54 24
36186 27 14
36199 90 22
36201 71 22
36202 31 9
36209 98 20
36228 87 24
36230 40 27
36245 71 9
36258 91 14
36270 40 6
36275 82 28
36286 3 20
36295 97 22
36313 27 25
36324 77 13
36324 9 1
36330 77 24
36338 30 0
36341 7 27
36358 10 17
36369 6 4
36376 93 15
36378 36 8
36378 29 12
36386 43 4
36404 96 10
36421 88 9
36428 86 23
36442 81 20
36442 23 3
36451 78 0
36467 42 9
36475 33 28
36481 79 14
36491 98 27
36502 30 0
36516 78 17
36529 33 24
36541 23 24
36548 7 25
36566 61 13
36579 32 22
36595 33 28
36598 61 4
36611 17 12
36618 70 26
36629 81 4
36631 4 14
36636 57 16
36644 23 13
36658 40 18
36668 83 7
36673 46 15
36682 22 9
36689 84 27
36708 23 14
36709 27 17
36720 5 18
36722 81 23
36740 65 22
36752 80 1
36767 33 19
36785 72 28
36793 88 28
36803 78 19
36811 31 0
36826 40 3
36834 9 1
36840 78 27
36849 97 5
36862 68 24
36868 19 15
36885 68 22
36903 28 21
36914 37 26
36917 44 11
36932 67 21
36941 72 13
36943 46 3
36956 56 1
36972 16 2
36973 73 10
36984 58 8
36985 78 8
36997 4 12
37012 45 1
37014 40 0
37032 87 4
37046 75 4
37046 72 8
37062 6 26
37075 67 12
37088 29 28
37092 46 19
37108 60 12
37113 52 25
37120 15 18
37124 69 7
37143 74 13
37148 97 22
37159 46 4
37163 48 0
37181 97 19
37194 18 6
37199 63 13
37217 59 27
37221 26 13
37235 57 3
37245 20 24
37256 75 28
37275 66 6
37281 93 20
37297 72 25
37308 91 21
37313 38 4
37317 89 20
37321 66 18
37337 56 26
37352 42 8
37358 18 26
37364 25 5
37370 50 26
37376 70 0
37390 56 4
37402 11 17
37411 27 19
37422 70 15
37423 69 22
37429 14 15
37441 32 18
37455 70 8
37462 24 26
37480 64 12
37495 98 20
37506 91 23
37522 31 26
37526 56 19
37544 93 21
37551 58 14
37557 74 14
37571 79 19
37588 37 23
37603 80 7
37620 88 13
37631 52 25
37650 4 11
37652 71 0
37668 24 16
37680 28 11
37698 22 9
37716 74 10
37716 11 4
37733 74 3
37751 76 15
37766 82 0
37780 33 6
37782 26 7
37786 32 20
37791 25 0
37796 10 3
37807 78 22
37814 97 17
37822 12 13
37829 69 7
37831 89 12
37831 29 10
37841 52 17
37851 30 22
37869 89 1
37872 77 24
37876 28 20
37876 49 3
37879 2 8
37897 33 11
37904 62 17
37911 7 22
37925 16 6
37939 83 14
37955 44 6
37962 76 9
37962 86 12
37977 45 9
37991 90 17
37993 77 18
38010 52 10
38023 44 13
38036 1 9
38052 90 2
38063 70 9
38080 5 11
38080 4 27
38094 52 4
38113 81 22
38129 75 16
38129 12 22
38134 21 24
38147 26 28
38151 12 20
38152 36 12
38155 54 15
38157 25 27
38163 88 25
38177 36 21
38181 13 15
38200 35 18
38210 4 23
38228 16 19
38241 82 4
38253 19 12
38262 6 6
38272 81 19
38280 93 13
38290 25 7
38309 30 5
38322 46 3
38331 41 0
38335 67 2
38353 60 20
38362 83 11
38368 12 6
38382 52 16
38391 82 26
38398 7 14
38401 70 24
38411 34 16
38428 31 11
38435 2 19
38446 65 2
38464 28 1
38475 27 5
38491 19 8
38492 6 13
38510 87 22
38517 82 9
38526 66 5
38536 91 1
38554 1 7
38557 26 15
38558 8 2
38566 90 25
38574 6 19
38591 47 20
38603 44 24
38604 63 22
38620 41 4
38629 68 6
38631 25 23
38633 3 13
38648 57 26
38652 62 1
38667 20 11
38681 64 25
38686 96 20
38702 91 17
38704 70 26
38717 22 10
38731 18 19
38738 48 5
38746 36 14
38765 97 22
38775 10 19
38779 81 20
38779 16 6
38783 64 14
38799 19 25
38806 72 12
38819 72 7
38825 52 27
38839 79 12
38846 34 19
38847 68 23
38853 56 21
38855 71 2
38855 55 23
38866 12 10
38883 25 5
38884 29 6
38891 43 19
38898 22 11
38917 91 27
38931 47 0
38941 33 10
38958 24 27
38972 37 6
38990 33 6
39004 23 22
39021 75 17
39037 42 13
39052 81 0
39059 40 0
39076 15 12
39084 63 16
39096 89 5
39099 80 10
39109 26 21
39112 16 10
39116 95 20
39133 61 28
39140 82 8
39155 50 21
39174 90 22
39176 35 21
39179 63 2
39192 96 11
39208 73 24
39216 59 7
39221 23 0
39226 16 19
39236 67 11
39247 93 1
39248 77 12
39264 48 27
39279 15 1
39296 19 24
39301 73 0
39320 36 27
39323 93 26
39324 94 5
39330 37 19
39331 29 20
39337 57 7
39343 50 8
39357 45 2
39366 26 2
39376 86 22
39394 90 7
39409 23 23
39426 89 11
39429 90 6
39446 86 25
39463 64 8
39480 92 21
39497 69 26
39508 75 13
39525 59 11
39527 84 22
39541 35 20
39560 70 14
39567 56 26
39581 68 3
39583 10 20
39601 53 24
39613 3 18
39620 51 22
39624 70 19
39627 21 5
39644 5 28
39663 76 1
39673 24 10
39688 85 5
39693 20 5
39703 1 7
39716 3 4
39718 40 18
39736 38 7
39751 28 5
39764 73 2
39775 68 1
39775 12 17
39778 71 0
39788 3 26
39807 67 25
39813 38 18
39829 78 10
39830 37 17
39833 51 27
39839 73 2
39842 9 20
39856 71 12
39863 49 7
39863 80 15
39878 32 13
39895 20 12
39897 87 4
39899 3 24
39913 57 18
39913 44 6
39924 43 15
39940 33 19
39941 38 8
39948 35 9
39963 33 6
39965 96 12
39983 64 27
39993 9 5
40010 53 26
40019 6 20
40029 58 10
40038 89 0
40049 84 26
40049 51 8
40063 87 6
40081 18 24
40096 57 28
40109 35 1
40112 83 13
40123 27 5
40126 4 3
40131 71 0
40144 95 4
40146 88 19
40164 20 19
40181 77 20
40190 7 17
40209 52 8
40220 9 14
40237 9 6
40238 48 27
40252 9 11
40270 46 27
40270 22 12
40275 22 11
40286 53 24
40287 30 23
40293 97 24
40311 7 7
40324 86 2
40330 77 27
40348 94 19
40360 61 4
40377 76 20
40377 21 7
40393 70 25
40398 0 20
40410 55 0
40417 89 26
40421 47 28
40428 54 16
40441 52 25
40451 6 2
40468 91 22
40483 2 20
40487 82 28
40504 43 0
40511 47 22
40528 68 22
40542 50 22
40544 29 16
40553 42 20
40560 95 11
40562 81 15
40564 7 1
40570 75 3
40574 50 20
40578 90 22
40579 76 12
40579 12 7
40580 13 1
40592 45 19
40603 75 13
40609 88 12
40620 45 4
40623 69 3
40638 97 16
40652 79 13
40668 44 16
40679 10 25
40682 36 11
40685 79 22
40688 61 9
40700 66 23
40717 37 16
40718 92 25
40735 52 18
40751 96 13
40760 71 21
40761 3 5
40776 31 18
40786 10 14
40788 63 26
40792 85 2
40811 8 10
40812 88 22
40814 27 19
40820 1 11
40839 32 13
40847 87 21
40859 86 19
40862 88 10
40868 46 1
40885 44 2
40898 74 1
40916 18 4
40920 30 15
40924 14 20
40925 44 19
40938 70 12
40949 41 14
40953 80 8
40971 49 16
40988 23 1
40994 10 25
40995 86 3
40997 96 4
41012 13 10
41021 8 12
41032 61 19
41042 37 16
41058 88 6
41072 95 21
41080 97 1
41087 56 0
41094 30 2
41112 0 1
41129 94 12
41143 63 20
41145 17 15
41158 28 5
41173 71 23
41186 32 27
41200 98 18
41201 5 3
41205 77 14
41224 92 2
41243 20 1
41253 58 2
41264 51 1
41268 71 2
41283 68 27
41294 27 14
41309 13 5
41319 22 13
41326 54 6
41334 88 22
41349 1 8
41365 39 27
41384 9 3
41403 35 24
41409 65 19
41414 49 24
41419 85 23
41419 58 20
41433 54 9
41446 9 10
41459 24 9
41468 19 25
41468 7 8
41474 1 25
41484 37 1
41490 23 19
41501 50 25
41510 68 24
41528 67 26
41533 51 19
41544 46 2
41559 3 5
41561 16 8
41568 41 23
41577 89 27
41581 78 23
41588 87 26
41588 53 2
41599 12 13
41616 77 4
41629 22 26
41632 75 27
41635 18 5
41645 68 2
41658 25 24
41664 30 4
41665 80 23
41681 64 19
41691 16 15
41698 0 0
41699 21 25
41707 7 19
41723 30 9
41740 98 21
41758 69 9
41777 66 0
41785 93 5
41794 91 0
41807 65 13
41826 21 6
41826 50 0
41844 31 11
41845 61 27
41847 77 25
41864 74 24
41871 69 12
41888 15 13
41889 68 14
41889 75 27
41896 56 0
41914 42 2
41917 73 22
41933 60 11
41941 60 28
41945 79 15
41964 27 25
41965 65 19
41978 73 17
41990 39 26
41990 1 2
42009 81 12
42013 44 20
42015 69 12
42024 27 24
42026 84 26
42034 86 8
42048 45 23
42063 33 27
42081 38 1
42097 35 15
42103 25 6
42122 66 28
42137 86 26
42141 44 11
42151 27 19
42163 68 13
42167 73 15
42170 92 14
42177 75 5
42192 45 24
42202 8 9
42209 43 0
42226 27 25
42234 59 8
42237 22 19
42251 33 23
42266 76 22
42273 71 1
42273 56 21
42280 22 16
42287 89 25
42291 40 2
42305 77 7
42314 93 14
42332 40 16
42344 73 15
42345 18 9
42351 91 14
42366 98 25
42366 43 5
42371 75 28
42377 56 4
42386 35 25
42387 53 2
42397 36 15
42401 11 15
42418 33 28
42430 43 13
42434 70 21
42441 97 19
42449 85 0
42459 23 16
42462 84 24
42465 29 13
42466 55 25
42474 60 1
42481 94 22
42483 54 9
42502 59 9
42504 75 8
42509 96 13
42518 74 13
42519 83 15
42537 63 1
42556 90 7
42558 26 14
42575 71 17
42594 27 11
42612 47 12
42621 19 16
42637 83 6
42655 21 28
42663 5 3
42666 17 15
42676 60 13
42678 71 22
42678 53 21
42680 61 20
42692 44 5
42708 14 0
42715 6 4
42722 48 17
42725 12 27
42743 82 13
42744 88 9
42746 44 4
42760 0 10
42769 59 14
42771 70 14
42787 15 17
42805 14 13
42822 56 19
42838 86 10
42848 58 7
42854 35 11
42856 22 21
42873 73 5
42889 61 6
42894 97 19
42899 46 10
42916 52 16
42932 26 20
42934 36 5
42943 21 16
42962 91 26
42971 55 11
42972 35 17
42981 8 10
42986 48 9
42988 94 17
42995 95 4
43000 70 20
43015 59 12
43031 98 25
43050 90 9
43061 56 7
43070 69 27
43081 11 14
43087 54 13
43097 11 21
43114 39 7
43129 25 1
43129 6 1
43130 58 7
43130 93 28
43147 92 0
43160 33 27
43171 56 0
43171 0 14
43176 73 11
43181 23 16
43192 1 7
43199 58 16
43211 57 6
43214 97 27
43222 5 15
43230 30 23
43246 28 23
43248 32 25
43264 80 19
43272 71 20
43291 75 15
43295 93 24
43298 25 24
43299 10 25
43314 74 20
43325 35 10
43325 94 13
43330 3 20
43337 27 4
43340 10 0
43354 48 26
43373 7 4
43379 21 1
43396 69 24
43401 65 7
43419 84 11
43429 3 11
43445 54 11
43462 92 9
43471 41 8
43488 7 13
43493 72 27
43511 55 14
43511 56 12
43529 60 20
43534 55 25
43548 16 27
43559 44 17
43577 10 5
43583 79 5
43590 66 10
43603 82 6
43618 30 9
43626 48 23
43633 28 7
43638 41 19
43644 25 27
43646 45 5
43658 21 6
43661 2 8
43665 79 11
43682 57 19
43697 6 11
43708 98 7
43715 65 25
43721 92 1
43724 7 24
43742 0 4
43745 23 6
43760 63 4
43771 64 13
43773 13 10
43783 7 4
43790 20 12
43794 48 11
43808 68 4
43817 72 12
43831 28 21
43846 5 26
43854 90 27
43869 24 26
43882 42 13
43893 98 5
43907 44 20
43913 70 7
43916 66 23
43917 19 17
43933 69 11
43940 7 18
43944 27 2
43957 97 14
43960 83 6
43979 40 7
43996 88 17
44009 7 27
44018 35 28
44024 21 0
44041 22 9
44043 46 28
44059 2 22
44066 77 2
44081 23 17
44084 93 24
44096 6 18
44103 0 8
44110 16 23
44121 14 11
44137 55 23
44139 26 3
44149 4 27
44156 24 9
44163 33 12
44174 21 7
44193 33 13
44207 94 17
44208 87 23
44214 40 18
44214 67 4
44230 45 24
44234 82 14
44235 9 17
44239 9 4
44254 52 25
44254 81 1
44260 28 10
44260 2 25
44267 14 8
44277 30 8
44296 23 12
44298 36 15
44305 42 4
44321 75 5
44329 40 17
44347 47 18
44350 79 19
44369 4 25
44370 84 27
44388 32 15
44400 89 21
44408 79 20
44411 40 25
44419 9 15
44426 18 19
44432 32 23
44437 8 10
44444 57 1
44450 70 1
44450 84 11
44454 71 16
44459 61 26
44463 39 10
44479 54 28
44480 66 10
44484 45 3
44493 73 18
44497 57 11
44507 45 4
44513 73 7
44528 55 6
44539 38 7
44539 29 4
44543 21 16
44551 25 18
44556 68 26
44568 29 10
44568 97 4
44574 81 26
44591 89 24
44600 40 27
44606 59 18
44618 73 12
44636 86 22
44652 79 18
44669 11 19
44683 50 1
44696 56 26
44706 81 27
44714 78 1
44732 32 2
44737 42 26
44743 45 4
44761 97 21
44769 1 19
44777 54 23
44788 10 25
44789 13 25
44796 16 24
44810 29 27
44828 30 25
44846 18 5
44856 69 23
44862 79 22
44862 15 26
44872 51 10
44878 79 15
44887 77 22
44906 6 22
44906 87 25
44923 19 20
44940 62 0
44957 53 15
44962 91 8
44967 57 7
44975 34 25
44976 43 19
44987 84 14
44993 39 6
45000 51 15
45013 85 19
45013 33 15
45030 4 4
45031 37 2
45047 46 17
45060 7 12
45077 5 0
45089 62 27
45098 5 17
45104 98 3
45107 97 4
45116 82 23
45129 72 23
45140 97 8
45146 94 22
45156 89 11
45169 11 2
45178 22 17
45185 4 15
45198 56 28
45208 59 4
45217 37 5
45230 37 24
45249 32 17
45266 50 25
45269 50 24
45285 24 8
45300 1 0
45301 28 12
45316 52 6
45324 73 26
45327 21 10
45334 78 7
45338 70 2
45344 48 25
45352 30 18
45367 59 15
45384 91 7
45394 44 20
45394 47 22
45402 6 3
45417 14 11
45426 29 28
45430 96 26
45438 43 22
45456 35 9
45460 48 1
45463 82 22
45464 8 0
45480 10 15
45493 55 8
45506 74 4
45521 16 6
45522 74 14
45522 43 3
45522 7 10
45522 44 7
45525 71 18
45536 49 9
45542 43 3
45558 19 9
45577 55 21
45586 37 5
45604 53 22
45622 47 15
45623 91 18
45626 30 9
45635 3 8
45641 95 24
45645 89 13
45654 35 26
45669 3 28
45675 78 14
45686 44 16
45705 56 3
45705 72 28
45721 6 4
45721 14 15
45725 65 23
45741 24 7
45752 26 12
45764 31 16
45768 78 21
45779 83 27
45780 12 8
45797 45 28
45814 44 8
45833 74 10
45844 22 19
45859 15 27
45870 78 19
45887 27 6
45901 24 18
45907 68 0
45914 72 4
45929 35 1
45933 4 11
45937 27 14
45943 82 5
45953 62 1
45956 77 9
45956 19 25
45957 45 15
45968 47 11
45982 25 10
45983 40 22
45990 75 8
45998 37 18
46013 83 5
46017 25 7
46035 76 17
46050 12 25
46052 14 28
46063 78 20
46063 32 26
46066 1 8
46085 1 13
46096 19 24
46109 52 23
46114 0 18
46133 41 28
46142 41 17
46158 70 23
46159 35 24
46159 79 13
46164 9 0
46166 72 17
46181 97 3
46198 40 21
46206 82 22
46215 31 10
46229 47 8
46231 90 25
46232 50 13
46235 53 8
46238 98 10
46239 29 10
46252 54 10
46267 78 18
46285 7 6
46285 73 16
46293 23 23
46302 48 20
46314 72 23
46323 37 2
46329 6 0
46342 14 7
46343 55 19
46343 83 13
46353 6 23
46368 58 23
46371 76 0
46387 83 2
46401 93 24
46403 86 1
46421 76 20
46429 83 12
46445 87 8
46462 82 0
46463 98 1
46465 66 6
46475 67 14
46481 1 8
46494 44 1
46504 19 25
46512 74 3
46530 10 24
46536 67 11
46542 92 18
46558 80 14
46564 95 15
46567 36 13
46574 39 2
46589 98 17
46608 63 16
46611 80 1
46621 43 2
46624 75 12
46633 38 3
46637 49 26
46652 43 17
46664 52 25
46672 51 10
46677 68 8
46683 87 4
46695 38 20
46700 30 21
46712 45 16
46724 12 4
46734 95 18
46734 0 13
46743 8 20
46756 8 12
46767 72 22
46775 6 5
46780 35 13
46789 35 7
46792 38 27
46802 36 26
46809 6 10
46820 54 23
46834 69 24
46842 69 27
46856 90 25
46868 80 16
46877 50 25
46878 70 10
46888 19 5
46898 53 13
46906 48 8
46923 55 24
46936 42 8
46949 70 28
46962 33 5
46967 83 26
46983 88 18
46996 19 3
46996 77 18
47012 13 12
47018 98 22
47031 87 3
47031 92 13
47038 46 19
47052 13 26
47058 8 18
47072 6 19
47078 45 5
47096 76 14
47096 41 25
47101 90 11
47119 18 25
47125 66 23
47133 91 5
47136 28 23
47136 53 18
47137 63 19
47151 87 2
47167 47 4
47177 41 6
47177 11 23
47188 34 3
47197 1 0
47209 93 2
47212 18 14
47213 82 27
47227 49 9
47230 5 24
47234 44 27
47250 30 28
47255 2 17
47264 69 18
47264 9 7
47273 47 28
47275 41 17
47281 37 14
47285 65 27
47291 64 27
47297 10 19
47304 53 22
47314 46 1
47333 59 21
47340 33 26
47347 3 6
47348 45 25
47361 92 26
47361 39 26
47361 81 12
47368 66 12
47381 17 11
47390 92 17
47409 70 19
47416 25 2
47420 7 26
47428 1 2
47433 86 16
47446 15 21
47457 88 25
47473 8 27
47480 20 24
47491 59 21
47501 37 14
47517 21 16
47529 39 6
47534 87 16
47540 49 26
47553 62 23
47560 7 6
47578 54 12
47592 81 20
47595 34 20
47602 85 7
47614 69 18
47620 95 27
47621 86 15
47634 65 17
47636 13 0
47639 31 19
47652 83 0
47666 56 4
47675 31 17
47681 25 18
47688 66 18
47706 30 4
47716 56 8
47727 70 15
47728 24 18
47740 57 21
47746 13 13
47756 53 0
47757 88 22
47774 3 21
47779 5 23
47788 41 23
47790 77 0
47801 43 18
47807 11 20
47819 79 5
47821 64 20
47821 38 18
47831 12 25
47846 36 10
47846 48 26
47853 8 1
47864 43 13
47878 40 0
47893 94 17
47909 38 25
47912 93 13
47929 72 0
47929 55 19
47948 40 7
47949 36 11
47962 67 2
47976 30 19
47991 6 12
48002 78 27
48014 98 27
48024 78 28
48027 82 1
48046 97 0
48063 36 14
48076 13 12
48076 5 9
48092 60 8
48096 89 8
48115 47 9
48116 67 21
48135 3 5
48144 82 28
48162 31 24
48179 1 12
48195 7 10
48206 5 28
48217 70 12
48227 3 8
48233 1 6
48238 86 11
48253 43 18
48265 52 28
48267 89 21
48267 84 23
48274 72 21
48282 60 14
48295 35 13
48305 56 18
48319 92 7
48327 32 4
48341 54 24
48358 95 11
48358 10 19
48362 4 0
48362 36 15
48373 34 12
48375 90 18
48392 17 13
48400 46 0
48416 26 4
48417 66 3
48420 91 14
48421 91 15
48433 89 28
48448 71 7
48453 21 22
48466 86 5
48480 21 8
48497 0 15
48501 76 15
48508 9 15
48521 26 16
48530 47 19
48545 91 25
48558 73 3
48570 96 2
48580 22 15
48597 60 5
48614 87 17
48629 92 19
48642 95 25
48656 21 8
48667 55 11
48675 41 16
48691 5 13
48694 50 4
48709 37 1
48722 7 16
48735 44 13
48737 15 22
48737 12 1
48756 80 4
48775 37 21
48793 14 13
48811 62 21
48821 95 1
48835 0 23
48837 84 23
48840 69 10
48843 25 1
48853 68 27
48864 89 0
48874 73 6
48881 52 19
48886 75 1
48892 92 22
48906 6 0
48916 69 23
48927 11 16
48929 49 22
48934 82 16
48941 49 27
48955 76 25
48955 50 2
48964 15 1
48978 83 15
48978 60 17
48993 83 19
49001 64 25
49011 8 10
49026 52 20
49044 38 17
49062 62 23
49077 45 25
49095 39 21
49107 75 24
49107 14 22
49123 94 12
49141 95 18
49147 16 3
49152 54 12
49158 45 0
49164 6 10
49167 57 7
49176 38 16
49181 4 19
49191 95 19
49196 87 25
49215 97 15
49220 56 17
49239 42 1
49258 97 20
49272 6 1
49278 96 19
49279 91 21
49280 81 13
49287 83 27
49305 70 2
49311 68 20
49317 92 13
49334 4 6
49349 48 17
49365 18 27
49376 12 20
49379 28 18
49381 5 3
49389 94 7
49395 18 12
49412 45 11
49427 96 11
49443 42 17
49443 71 3
49444 13 22
49460 96 13
49478 79 20
49487 95 27
49487 50 12
49490 2 0
49499 63 8
49507 95 16
49522 71 24
49533 94 21
49549 37 15
49551 36 11
49554 36 7
49559 36 18
49569 19 19
49578 20 11
49587 63 7
49595 54 2
49595 86 4
49603 1 1
49607 33 5
49609 25 7
49612 89 6
49626 64 23
49638 16 19
49649 89 10
49653 80 24
49664 16 12
49674 71 17
49678 60 11
49695 85 22
49714 57 6
49730 24 23
49742 15 25
49742 65 17
49749 89 23
49764 76 9
49765 44 9
49775 59 25
49788 23 17
49804 23 14
49806 6 26
49806 39 8
49813 5 28
49830 32 26
49833 51 1
49845 31 12
49864 1 13
49875 47 4
49888 79 26
49904 43 28
49921 14 5
49940 41 23
49952 6 2
49971 39 17
49989 70 27
49999 1 14
50000 97 22
50004 5 26
50015 97 8
50018 81 16
50029 19 15
50046 69 19
50051 36 12
50068 75 27
50068 39 28
50071 98 5
50080 50 14
50091 43 9
50092 14 8
50109 78 17
50126 24 8
50130 32 15
50131 79 24
50136 3 22
50141 22 1
50142 91 17
50158 6 24
50160 58 25
50161 20 19
50168 21 6
50169 51 2
50170 88 2
50180 3 3
50189 30 15
50191 29 27
50198 21 28
50212 88 24
50229 71 21
50235 46 1
50252 93 22
50259 35 14
50263 40 19
50263 97 14
50279 62 5
50292 80 0
50294 79 25
50297 15 1
50308 64 12
50322 26 1
50324 13 0
50328 15 4
50338 23 25
50356 70 26
50373 95 27
50392 1 14
50394 23 7
50400 42 13
50417 22 2
50428 86 22
50433 80 28
50440 66 2
50453 77 15
50462 54 10
50475 32 14
50484 38 27
50499 40 12
50518 59 15
50537 65 23
50555 78 20
50555 58 14
50563 94 4
50582 57 3
50598 70 12
50609 13 20
50624 4 0
50642 93 0
50652 15 17
50652 90 23
50667 45 18
50678 52 6
50689 6 26
50701 36 10
50704 78 0
50715 3 3
50718 66 17
50721 36 20
50735 83 16
50746 27 25
50762 2 1
50770 5 18
50781 33 23
50789 71 6
50797 87 16
50814 24 21
50817 16 9
50836 19 13
50850 52 13
50866 27 6
50882 79 1
50894 74 6
50902 97 18
50910 94 19
50914 47 17
50931 41 0
50935 41 17
50936 55 28
50939 3 26
50957 20 8
50962 37 10
50977 39 14
50994 59 1
50994 5 22
50999 36 7
51008 34 22
51024 17 8
51030 70 25
51035 62 20
51052 36 20
51067 86 1
51070 77 19
51076 28 2
51085 10 21
51088 67 10
51094 31 22
51101 76 1
51102 52 14
51120 82 13
51138 13 0
51144 22 28
51157 14 4
51168 96 26
51186 53 3
51186 65 8
51189 7 15
51194 66 25
51198 53 9
51200 75 10
51200 64 13
51212 68 23
51223 53 20
51231 55 4
51232 4 5
51250 33 2
51262 76 25
51277 13 8
51282 9 6
51293 72 21
51312 65 3
51318 9 18
51333 80 7
51341 70 10
51359 63 28
51369 86 20
51374 15 2
51376 27 6
51385 74 10
51390 80 25
51409 40 17
51421 21 20
51427 21 21
51428 34 15
51444 78 5
51451 30 22
51455 54 2
51460 50 12
51468 4 20
51483 63 21
51496 73 15
51505 12 28
51519 48 20
51520 19 21
51528 26 20
51539 96 3
51558 70 9
51564 93 18
51580 72 2
51587 89 9
51603 13 26
51607 46 14
51619 41 12
51627 73 12
51627 32 18
51629 40 3
51634 48 9
51649 29 11
51665 77 9
51677 35 3
51691 43 19
51693 47 25
51710 77 26
51728 73 9
51729 83 19
51737 88 3
51753 5 26
51772 36 14
51774 59 26
51775 55 3
51784 74 14
51790 11 12
51798 44 5
51799 5 0
51801 30 8
51801 72 3
51801 20 22
51808 62 24
51820 55 6
51834 17 23
51838 94 10
51850 81 7
51855 34 6
51857 72 17
51869 21 6
51885 89 4
51886 52 6
51896 94 0
51911 98 25
51922 41 10
51932 92 28
51946 68 14
51947 74 1
51956 14 8
51970 78 2
51971 37 13
51975 88 11
51979 46 28
51993 66 24
52003 71 18
52020 6 0
52027 85 6
52035 42 9
52042 36 2
52050 26 13
52050 62 3
52069 78 11
52082 96 1
52092 80 26
52108 54 4
52108 70 27
52121 70 25
52121 69 25
52125 76 26
52125 78 23
52133 49 5
52141 46 4
52154 44 27
52162 74 28
52164 29 4
52170 86 7
52179 77 1
52195 50 0
52201 19 0
52204 61 19
52209 3 18
52224 16 14
52235 14 14
52239 4 3
52243 11 5
52250 49 6
52250 11 9
52257 39 3
52276 27 20
52290 96 5
52309 89 17
52314 75 4
52315 47 24
52334 79 0
52334 69 5
52343 12 20
52359 37 18
52374 34 23
52374 16 17
52391 22 21
52393 10 7
52407 4 18
52413 31 18
52424 17 11
52437 91 28
52452 93 9
52466 16 11
52474 36 20
52481 11 18
52494 89 7
52505 79 18
52513 38 22
52526 97 8
52527 44 7
52539 62 18
52551 71 27
52562 53 8
52573 56 23
52589 50 20
52605 67 21
52611 58 22
52624 81 27
52627 3 16
52636 75 22
52652 74 2
52654 74 9
52659 11 9
52662 20 14
52675 57 3
52678 14 15
52680 41 2
52681 55 0
52687 88 28
52702 58 21
52703 43 4
52705 30 19
52712 30 18
52725 16 11
52739 20 1
52743 59 11
52755 17 7
52761 4 6
52770 0 21
52777 65 18
52793 15 21
52806 30 23
52811 19 1
52815 0 21
52828 21 28
52835 69 0
52846 65 19
52846 37 5
52863 35 19
52878 96 12
52888 11 9
52906 21 21
52924 83 23
52943 86 21
52953 17 22
52969 88 19
52970 37 8
52984 77 24
52986 39 1
52987 73 21
52988 48 21
53006 64 6
53021 47 24
53035 81 28
53035 71 4
53053 45 2
53055 96 2
53066 83 23
53080 8 10
53081 28 2
53084 82 27
53095 41 13
53096 80 4
53100 4 13
53111 96 13
53123 19 1
53129 54 6
53148 83 17
53149 62 13
53159 49 19
53174 57 9
53175 58 2
53187 8 27
53197 66 9
53201 35 25
53213 13 20
53231 55 11
53239 54 10
53241 33 8
53246 27 23
53264 26 23
53269 15 20
53282 2 4
53291 74 24
53308 26 14
53314 76 19
53324 58 24
53330 59 28
53345 9 5
53359 29 21
53363 42 19
53364 35 11
53376 72 12
53387 91 13
53405 79 14
53412 14 22
53431 49 11
53450 68 25
53466 95 3
53482 11 1
53489 75 21
53508 22 7
53509 95 13
53519 94 21
53525 9 15
53544 68 26
53545 55 23
53558 1 22
53561 0 18
53571 54 22
53578 36 26
53593 66 13
53609 75 27
53627 30 6
53627 86 17
53634 62 6
53653 22 17
53665 42 1
53670 65 15
53671 7 28
53681 0 24
53688 12 21
53694 80 20
53707 58 13
53722 21 11
53728 71 5
53733 67 24
53745 79 12
53759 2 13
53775 56 18
53781 18 4
53790 45 14
53799 26 13
53812 24 11
53812 51 9
53813 11 15
53824 37 4
53838 8 12
53840 83 4
53844 6 3
53855 21 3
53871 97 28
53877 35 15
53880 86 11
53881 88 5
53882 75 1
53889 43 4
53900 49 9
53901 84 2
53903 34 13
53913 80 15
53914 81 25
53919 59 1
53931 1 25
53931 63 8
53945 3 9
53945 91 23
53964 86 22
53967 9 13
53968 57 4
53983 19 24
53998 85 8
53999 72 16
54001 36 0
54008 78 2
54021 5 23
54021 77 27
54032 28 21
54045 6 23
54057 43 10
54068 64 24
54078 58 11
54080 85 22
54093 2 13
54098 88 20
54099 84 28
54109 66 24
54118 90 27
54123 78 22
54138 16 20
54143 97 14
54158 30 18
54177 10 0
54179 32 20
54193 86 1
54196 93 7
54214 85 1
54215 84 22
54215 7 2
54230 14 28
54249 13 4
54263 46 6
54278 76 28
54292 38 22
54304 58 18
54323 26 12
54337 25 13
54343 10 23
54346 54 2
54362 40 20
54371 71 14
54380 62 26
54399 48 16
54400 0 4
54404 73 19
54409 41 8
54413 77 13
54421 86 10
54432 76 8
54449 53 7
54463 54 26
54470 58 8
54479 25 13
54490 70 19
54508 49 22
54519 57 26
54538 14 4
54542 61 7
54553 33 20
54571 76 1
54588 79 16
54605 71 16
54613 20 22
54624 61 27
54633 60 4
54637 24 9
54644 4 26
54654 77 23
54665 80 26
54673 93 2
54678 24 24
54679 55 3
54690 5 5
54690 88 21
54708 97 26
54714 10 21
54723 89 10
54737 52 5
54745 60 15
54764 52 14
54782 54 8
54784 35 25
54799 94 4
54808 58 20
54826 77 23
54841 80 10
54858 72 23
54858 89 22
54872 49 0
54876 44 13
54883 19 19
54890 6 6
54891 48 11
54909 1 9
54910 70 10
54927 19 0
54933 38 4
54948 39 28
54951 35 21
54962 48 3
54965 63 0
54975 20 28
54991 26 22
55005 20 16
55024 70 12
55025 35 16
55029 66 27
55031 29 14
55036 57 17
55048 14 2
55050 9 14
55058 34 7
55067 32 22
55069 10 8
55086 56 1
55087 81 26
55104 16 25
55114 54 2
55116 33 18
55127 98 4
55139 42 26
55145 35 28
55162 93 9
55169 92 22
55187 38 19
55205 6 15
55211 20 20
55217 94 19
55219 21 15
55232 65 2
55237 30 13
55251 40 28
55262 23 27
55272 56 14
55276 60 20
55294 37 12
55304 10 20
55305 37 15
55317 56 14
55331 36 13
55335 22 18
55339 38 13
55341 36 25
55343 44 9
55349 43 1
55359 94 0
55369 27 11
55377 69 14
55377 50 20
55378 4 7
55383 39 8
55387 44 10
55405 48 22
55414 96 26
55430 51 16
55434 40 0
55435 48 7
55447 86 19
55466 90 22
55480 56 17
55489 68 8
55507 63 24
55508 47 15
55520 50 5
55529 70 28
55531 42 11
55550 51 3
55551 9 23
55567 95 11
55579 15 27
55579 21 0
55586 71 22
55599 17 0
55618 85 23
55630 15 26
55645 54 27
55651 43 27
55665 30 2
55679 9 6
55696 59 5
55715 17 16
55717 58 0
55735 21 24
55739 8 1
55748 51 7
55761 61 25
55763 54 14
55763 70 3
55775 11 1
55787 41 21
55801 88 10
55820 8 26
55830 47 11
55841 4 15
55859 37 24
55875 17 4
55876 5 19
55886 29 9
55905 85 22
55919 78 3
55935 86 25
55940 81 25
55958 21 1
55965 91 11
55981 71 23
55996 33 4
56010 7 10
56018 50 25
56034 92 11
56040 95 16
56041 94 15
56050 5 9
56058 69 10
56073 52 4
56085 14 18
56085 61 22
56086 38 18
56099 81 6
56106 12 21
56109 97 28
56127 38 7
56146 79 16
56158 89 5
56161 17 19
56171 81 6
56172 37 2
56182 82 20
56187 87 19
56202 18 5
56219 60 19
56225 79 5
56244 58 5
56254 9 17
56273 12 28
56277 19 12
56288 46 10
56295 74 13
56314 8 4
56323 21 12
56337 19 4
56341 81 7
56350 11 27
56352 52 27
56354 38 18
56357 12 8
56368 94 17
56375 3 4
56381 64 26
56386 95 6
56386 87 28
56404 97 28
56415 88 1
56426 41 25
56436 60 7
56441 40 22
56441 65 12
56450 0 7
56468 39 11
56480 29 2
56492 0 6
56493 0 22
56496 23 17
56515 97 7
56520 76 21
56538 32 9
56548 7 23
56562 32 14
56568 23 15
56573 68 25
56577 6 25
56593 35 27
56612 97 7
56631 89 16
56647 51 16
56652 56 6
56655 81 20
56667 80 25
56668 40 16
56675 80 10
56689 3 19
56702 69 26
56708 66 11
56725 80 22
56739 31 28
56751 8 28
56759 17 3
56765 72 0
56777 93 11
56780 27 0
56797 78 16
56805 58 22
56814 7 23
56815 19 7
56817 66 7
56818 15 2
56835 57 0
56836 72 24
56850 31 0
56857 76 3
56874 44 2
56876 46 19
56883 38 1
56892 56 1
56903 96 3
56918 91 4
56918 4 20
56933 42 21
56947 80 9
56951 51 10
56957 56 11
56967 61 12
56979 62 14
56994 31 22
57007 37 12
57007 6 23
57017 59 25
57035 56 0
57044 35 8
57060 45 9
57077 61 28
57091 66 2
57096 54 8
57109 18 25
57110 47 25
57126 11 8
57134 46 13
57135 58 27
57137 83 18
57150 95 18
57165 24 9
57167 63 10
57170 22 4
57177 47 7
57195 29 8
57204 54 14
57207 87 17
57218 65 8
57231 71 3
57235 70 27
57252 74 15
57258 98 5
57261 5 22
57271 48 18
57289 20 8
57290 86 19
57304 85 28
57323 35 9
57330 64 16
57333 36 28
57341 95 17
57353 74 5
57360 70 16
57375 50 10
57378 81 5
57379 86 26
57389 25 27
57398 4 16
57398 9 2
57399 55 28
57409 14 19
57424 90 27
57437 60 11
57451 49 17
57456 82 19
57474 57 24
57485 34 21
57493 61 22
57511 39 22
57511 98 11
57519 5 28
57526 89 16
57535 37 11
57535 93 4
57541 51 24
57554 95 9
57558 78 4
57577 59 17
57579 62 4
57595 73 6
57601 1 27
57612 9 22
57613 92 7
57618 9 28
57626 45 14
57637 44 14
57640 68 10
57644 68 9
57646 23 1
57646 57 7
57649 39 5
57658 46 10
57668 25 2
57675 7 11
57686 17 22
57702 45 23
57717 31 11
57722 1 16
57725 53 24
57736 1 21
57752 37 7
57770 40 9
57776 18 24
57788 56 20
57789 66 20
57804 78 25
57811 61 26
57819 96 16
57830 56 11
57832 30 2
57835 50 22
57838 96 3
57843 12 6
57860 52 10
57871 29 7
57872 19 19
57874 73 26
57883 48 19
57892 62 3
57895 74 5
57895 86 22
57902 23 28
57907 54 21
57911 21 23
57912 65 18
57915 38 12
57923 35 5
57923 19 26
57936 91 16
57947 72 22
57951 26 10
57953 19 21
57969 56 11
57984 6 19
58003 87 2
58015 22 12
58016 5 14
58030 55 10
58042 9 26
58053 40 16
58063 84 26
58078 62 3
58080 59 26
58099 98 22
58104 51 8
58114 2 3
58117 31 23
58135 89 20
58143 75 2
58162 20 2
58167 87 19
58175 69 16
58179 54 27
58182 9 11
58194 5 16
58194 13 2
58213 97 18
58219 56 9
58223 30 3
58238 68 3
58256 49 19
58264 49 14
58273 72 3
58274 4 19
58289 69 22
58289 25 9
58297 64 22
58313 59 10
58319 58 18
58319 17 7
58336 42 17
58353 38 9
58366 27 11
58369 21 19
58388 29 16
58399 29 6
58408 87 22
58414 19 20
58415 29 23
58415 80 2
58418 31 13
58429 30 9
58443 91 12
58461 81 3
58462 77 14
58472 62 22
58488 1 25
58489 87 22
58501 78 3
58516 15 24
58516 33 9
58518 75 10
58532 40 1
58546 41 7
58555 20 6
58569 10 5
58582 38 0
58589 56 23
58598 15 4
58598 57 24
58617 23 3
58629 4 26
58645 81 6
58655 20 25
58667 11 19
58671 2 12
58680 70 18
58695 95 26
58695 42 24
58708 23 28
58717 5 20
58728 86 3
58735 77 28
58747 7 16
58765 30 1
58779 27 8
58781 31 1
58800 19 4
58818 51 25
58836 66 8
58841 72 17
58850 44 11
58869 31 1
58877 95 26
58891 82 24
58896 44 17
58899 74 27
58899 31 28
58901 65 4
58902 75 9
58911 4 21
58918 64 6
58921 26 6
58923 45 15
58939 22 21
58940 2 28
58946 97 16
58954 58 9
58972 65 4
58973 4 0
58973 55 28
58976 90 18
58993 29 19
59000 68 18
59005 95 9
59024 9 21
59026 46 27
59031 88 12
59044 23 7
59051 5 3
59068 44 3
59083 32 23
59101 28 21
59101 65 11
59106 39 12
59120 60 23
59137 49 18
59156 74 10
59173 73 3
59184 76 14
59199 46 21
59217 34 1
59222 70 27
59226 48 3
59231 9 18
59235 7 6
59252 3 24
59260 9 25
59268 28 10
59270 58 21
59283 74 0
59300 55 12
59307 66 24
59310 18 2
59318 27 23
59336 74 28
59336 27 14
59349 60 14
59351 49 2
59358 36 28
59377 65 18
59377 72 7
59383 70 3
59386 63 8
59387 41 17
59394 82 6
59410 35 10
59424 66 9
59424 51 17
59424 78 16
59436 19 15
59455 37 20
59459 48 27
59467 59 8
59469 12 19
59471 19 24
59490 14 28
59492 42 23
59494 90 19
59497 45 25
59498 63 25
59517 13 24
59529 8 21
59531 13 18
59544 15 23
59553 8 2
59563 62 0
59568 79 20
59577 4 23
59596 16 9
59613 1 6
59615 66 2
59616 0 3
59617 14 23
59632 73 10
59644 50 20
59656 47 13
59661 30 14
59665 90 23
59684 66 2
59691 57 8
59696 32 23
59703 71 10
59707 29 9
59708 17 28
59725 92 10
59743 68 24
59755 84 13
59767 69 6
59779 96 23
59790 0 21
59807 39 12
59820 42 11
59829 72 20
59846 10 24
59865 52 20
59880 21 18
59896 3 10
59913 32 25
59919 98 20
59936 15 6
59939 81 1
59944 22 22
59961 57 15
59979 88 7
59987 33 4
60006 97 9
60025 4 14
60036 53 16
60037 26 13
60046 15 25
60055 19 11
60065 64 18
60067 44 28
60079 31 25
60094 54 25
60094 31 26
60097 83 9
60110 46 7
60117 72 1
60134 73 23
60151 90 20
60153 68 11
60169 19 10
60184 58 17
60186 94 18
60190 34 2
60196 93 11
60198 84 21
60206 56 23
60208 31 0
60220 88 14
60227 86 26
60241 46 24
60245 44 20
60260 40 7
60268 91 12
60276 25 11
60293 66 12
60310 58 21
60311 47 19
60312 80 1
60329 27 27
60331 63 22
60347 9 16
60348 53 15
60360 93 15
60366 22 7
60367 0 20
60375 34 25
60380 12 16
60380 90 23
60390 27 21
60398 17 19
60409 79 8
60425 98 19
60433 19 17
60439 87 16
60448 28 2
60452 58 2
60461 20 19
60468 98 28
60485 9 0
60496 59 27
60502 77 25
60509 78 15
60522 25 11
60522 18 18
60541 25 26
60552 69 23
60565 93 16
60566 37 14
60572 60 10
60587 62 16
60588 22 11
60601 80 1
60604 81 9
60623 43 4
60628 85 4
60629 37 19
60640 35 10
60658 27 14
60670 59 9
60674 20 4
60693 93 4
60698 81 28
60713 58 0
60713 6 27
60725 91 7
60728 60 3
60733 43 14
60751 61 19
60763 8 26
60777 77 27
60791 95 1
60809 15 7
60826 37 26
60839 6 20
60847 18 28
60859 81 4
60864 87 17
60870 50 17
60879 30 6
60897 56 25
60909 89 2
60921 15 10
60925 6 17
60939 71 21
60946 77 2
60959 56 1
60973 69 18
60989 10 5
61005 59 13
61009 49 1
61023 89 8
61028 5 24
61040 3 23
61040 40 3
61054 0 5
61064 3 13
61069 11 18
61077 18 15
61089 36 4
61101 87 16
61105 81 22
61119 24 10
61135 54 11
61149 21 24
61168 26 9
61187 89 25
61206 26 17
61217 88 0
61230 46 26
61237 4 13
61256 67 21
61261 48 6
61266 59 19
61269 59 1
61280 96 4
61290 92 5
61293 52 10
61310 1 14
61320 1 1
61337 28 7
61341 89 28
61346 57 17
61364 52 10
61381 56 19
61386 94 2
61395 46 14
61410 68 17
61427 38 12
61436 89 11
61440 52 16
61443 4 27
61455 77 27
61461 71 25
61479 65 10
61480 89 18
61490 17 27
61495 85 15
61504 10 10
61511 52 15
61518 89 5
61537 8 1
61540 58 6
61552 59 19
61552 89 18
61552 14 28
61558 23 24
61574 81 4
61576 27 5
61591 90 13
61601 32 6
61602 75 0
61621 51 26
61636 12 28
61647 7 21
61647 76 20
61658 64 3
61661 82 12
61680 51 27
61698 38 13
61714 19 9
61730 75 28
61732 50 5
61737 41 9
61742 53 19
61757 9 1
61775 35 9
61777 68 7
61791 53 22
61805 63 3
61821 78 17
61823 5 19
61824 40 5
61834 90 26
61843 63 7
61848 84 21
61864 59 18
61880 29 5
61888 14 19
61903 0 2
61908 20 20
61923 26 16
61923 26 4
61938 56 7
61950 61 16
61958 69 2
61959 32 20
61969 35 10
61984 76 0
61986 57 25
61997 73 12
62002 70 18
62006 45 0
62022 82 16
62029 68 3
62030 46 18
62035 97 21
62044 96 24
62044 95 15
62063 44 23
62080 37 6
62091 45 13
62092 84 18
62103 60 17
62109 9 8
62112 95 22
62125 10 17
62135 75 22
62141 77 23
62152 36 5
62159 53 15
62165 57 3
62182 58 14
62195 48 9
62206 28 14
62213 10 1
62223 51 5
62227 48 19
62233 61 7
62242 64 21
62258 67 28
62276 52 22
62281 16 3
62298 5 0
62314 55 8
62330 21 23
62330 10 5
62346 68 0
62364 81 16
62372 9 0
62381 62 7
62399 7 19
62413 36 20
62428 44 15
62429 14 21
62432 22 8
62449 68 24
62464 43 24
62476 86 3
62485 4 11
62485 51 14
62496 53 21
62507 49 17
62510 60 11
62525 69 1
62540 3 11
62540 15 18
62549 66 9
62552 9 25
62560 53 13
62573 8 15
62592 22 16
62592 35 2
62599 46 19
62602 93 11
62608 46 14
62621 96 25
62627 76 19
62631 84 27
62647 75 21
62661 3 7
62664 31 14
62669 58 21
62674 55 20
62675 20 4
62678 39 7
62684 85 11
62701 95 2
62702 55 27
62718 26 15
62735 32 6
62754 76 5
62762 21 1
62770 78 19
62780 30 15
62786 90 18
62801 42 6
62807 74 0
62813 17 0
62830 45 11
62849 24 22
62854 59 3
62857 90 11
62857 46 16
62874 68 5
62875 27 10
62876 98 25
62880 62 4
62881 28 1
62887 65 19
62892 52 14
62900 59 15
62912 54 8
62919 89 17
62931 48 4
62931 67 25
62935 51 18
62948 36 22
62964 0 9
62980 91 18
62997 6 10
63007 23 13
63026 23 11
63030 59 17
63035 95 16
63052 17 14
63066 93 18
63080 1 13
63089 40 13
63102 45 28
63119 95 13
63119 46 9
63136 80 3
63140 70 12
63152 18 5
63153 48 20
63170 51 14
63178 37 13
63197 45 12
63206 76 24
63208 57 26
63215 10 2
63220 96 23
63227 68 21
63230 43 23
63247 67 9
63262 30 28
63277 57 24
63290 43 10
63306 87 20
63310 94 16
63329 73 1
63343 7 6
63350 39 19
63369 9 13
63388 1 7
63390 39 17
63404 36 23
63409 46 16
63409 38 22
63423 16 26
63432 37 12
63446 67 28
63451 47 20
63462 41 23
63465 82 23
63466 40 10
63466 77 23
63477 81 27
63487 4 15
63487 10 8
63501 70 4
63506 53 20
63515 75 11
63531 11 14
63538 31 3
63546 60 23
63552 18 5
63559 93 25
63578 57 11
63581 78 1
63589 45 27
63595 72 8
63600 74 12
63611 3 19
63620 37 10
63620 96 5
63624 1 10
63643 49 0
63660 3 10
63673 92 17
63677 71 15
63691 11 12
63692 51 10
63697 91 19
63712 19 28
63731 39 0
63733 42 14
63741 34 17
63751 33 23
63764 94 1
63771 4 25
63788 95 7
63797 79 18
63812 77 6
63825 83 20
63842 68 12
63856 58 19
63872 67 24
63887 52 0
63889 17 3
63901 27 9
63914 62 2
63932 73 10
63944 19 15
63948 50 10
63952 75 12
63962 81 22
63967 83 10
63971 54 0
63983 38 23
63994 69 20
63996 40 23
64012 92 25
64025 34 7
64029 80 3
64040 61 6
64047 57 13
64056 24 0
64073 66 26
64085 89 3
64088 58 8
64093 63 2
64108 77 26
64118 35 19
64122 31 5
64123 64 23
64125 92 6
64130 96 27
64148 36 3
64153 76 27
64154 72 1
64163 58 3
64169 3 17
64181 72 11
64183 65 15
64184 68 11
64192 61 3
64206 28 22
64212 65 6
64220 44 19
64239 27 25
64256 80 16
64264 87 25
64274 20 12
64284 86 24
64298 28 12
64310 60 4
64322 86 22
64333 23 25
64351 27 22
64355 56 20
64367 84 9
64370 47 13
64375 81 6
64382 25 14
64386 83 15
64394 18 5
64400 66 7
64414 30 9
64417 57 18
64435 77 3
64447 17 22
64461 64 7
64471 68 1
64476 80 26
64479 21 11
64490 76 7
64509 54 11
64515 13 28
64515 94 14
64527 26 22
64546 93 3
64559 79 17
64566 86 7
64585 48 27
64596 57 8
64611 18 14
64613 32 26
64619 86 27
64628 37 8
64629 83 21
64634 20 22
64648 57 2
64649 38 9
64649 33 28
64652 0 18
64669 48 28
64683 6 8
64699 73 9
64705 28 27
64723 40 17
64725 64 16
64735 17 3
64752 4 22
64758 35 12
64777 41 26
64794 71 4
64813 20 28
64820 75 28
64839 41 26
64841 94 8
64858 60 18
64876 9 9
64890 66 21
64907 61 8
64915 17 28
64917 1 21
64931 87 3
64939 39 26
64957 77 4
64972 3 16
64982 56 19
64991 59 14
64995 84 1
64996 61 7
64999 59 9
65000 95 21
65001 48 9
65007 48 23
65016 82 18
65019 81 1
65030 55 25
65037 78 2
65050 9 3
65053 77 25
65053 3 2
65062 31 27
65070 14 21
65085 97 28
65094 81 24
65105 74 2
65110 63 18
65112 69 26
65130 53 5
65148 88 17
65166 86 25
65167 57 20
65181 39 14
65192 38 15
65207 42 23
65222 77 2
65233 88 2
65238 55 10
65250 24 16
65266 50 19
65266 48 7
65281 18 16
65298 57 25
65302 24 19
65311 6 14
65321 33 28
65325 36 4
65330 79 3
65333 29 28
65345 92 4
65363 44 17
65380 31 24
65384 22 8
65402 33 3
65403 61 22
65419 46 9
65420 88 23
65434 29 16
65449 65 0
65466 23 3
65473 13 15
65488 22 8
65502 9 24
65502 33 21
65503 30 24
65518 22 1
65533 32 12
65550 91 22
65558 65 0
65559 77 28
65574 57 7
65584 75 22
65591 48 0
65605 55 17
65611 0 20
65612 7 18
65623 20 23
65634 79 16
65639 83 18
65651 83 5
65660 21 23
65662 88 20
65667 14 11
65667 19 15
65676 1 20
65685 63 23
65696 74 19
65715 62 24
65731 85 8
65736 59 26
65749 18 13
65749 9 8
65749 71 6
65749 60 5
65751 69 7
65755 18 15
65760 9 13
65771 53 4
65789 19 24
65796 32 4
65805 28 4
65816 43 0
65832 35 1
65840 9 21
65849 4 2
65864 56 11
65881 23 6
65893 71 13
65906 34 23
65914 73 10
65926 70 3
65929 10 6
65943 57 4
65961 74 5
65965 48 5
65984 59 28
66003 17 21
66012 48 3
66022 25 18
66033 26 20
66048 7 12
66052 38 4
66069 57 4
66069 56 19
66087 38 14
66101 74 6
66115 60 23
66120 19 15
66121 88 16
66131 30 21
66134 15 13
66149 79 6
66168 57 13
66183 52 11
66190 22 5
66194 65 1
66213 35 21
66222 67 1
66225 40 20
66238 3 5
66256 16 21
66263 64 27
66265 69 0
66271 24 0
66278 96 6
66288 18 24
66303 69 18
66305 36 1
66323 32 20
66335 20 24
66353 39 26
66370 81 25
66372 86 3
66375 92 15
66387 90 21
66391 65 20
66409 97 25
66426 37 6
66434 22 20
66447 26 7
66451 95 9
66453 24 19
66459 41 27
66468 4 28
66483 17 17
66498 30 20
66510 87 28
66525 59 18
66530 55 13
66534 76 28
66535 2 11
66536 73 10
66544 87 13
66546 76 9
66548 85 10
66557 41 5
66567 93 9
66569 79 10
66584 24 20
66602 9 21
66615 52 23
66616 74 17
66622 43 26
66625 47 13
66630 7 27
66633 72 20
66635 28 10
66649 20 24
66661 76 8
66664 82 24
66683 69 22
66692 62 18
66701 71 3
66713 67 28
66718 38 27
66725 20 6
66731 19 13
66733 68 27
66733 36 24
66739 52 21
66756 14 11
66760 68 25
66776 29 0
66789 44 3
66800 12 18
66808 21 22
66813 24 9
66822 9 9
66826 38 10
66844 36 25
66853 25 14
66867 24 27
66878 44 22
66888 2 23
66897 5 19
66898 96 12
66899 59 17
66900 16 5
66907 75 9
66918 38 17
66936 63 10
66951 11 22
66960 21 3
66969 91 18
66980 35 2
66992 29 20
66996 52 5
67004 44 7
67009 71 18
67011 87 22
67019 5 20
67038 16 9
67049 6 7
67062 83 22
67074 55 16
67079 64 4
67092 1 21
67110 58 21
67110 83 16
67128 16 5
67142 27 2
67150 81 25
67155 57 18
67164 56 21
67167 89 10
67182 24 18
67199 38 18
67199 38 14
67213 6 28
67213 83 4
67224 51 4
67229 51 21
67244 81 12
67259 94 15
67259 5 14
67270 73 10
67270 23 9
67271 52 16
67282 57 8
67283 3 16
67302 2 11
67319 65 0
67329 97 25
67342 92 11
67359 44 14
67366 86 1
67372 56 20
67391 26 13
67393 73 25
67401 9 23
67414 12 3
67417 4 27
67428 37 28
67443 74 11
67461 70 7
67473 92 4
67487 20 10
67498 58 3
67513 52 22
67530 59 4
67540 44 12
67554 67 21
67567 9 10
67584 84 16
67593 38 5
67597 27 6
67607 70 13
67616 24 5
67621 33 10
67639 31 28
67653 2 12
67661 9 4
67678 57 12
67692 29 19
67704 29 13
67717 42 18
67720 0 6
67726 8 13
67744 4 19
67748 84 19
67762 21 6
67767 92 3
67773 29 19
67778 97 11
67795 41 5
67810 43 3
67810 77 18
67819 88 17
67835 28 1
67837 77 18
67853 82 23
67853 61 22
67863 16 5
67879 66 16
67885 38 3
67892 72 18
67901 38 23
67911 87 2
67927 54 17
67929 75 14
67946 70 11
67946 96 14
67953 51 5
67953 32 26
67966 30 8
67973 77 11
67992 38 14
67992 13 14
68001 67 22
68006 70 6
68006 94 3
68009 23 21
68014 24 24
68026 87 24
68032 55 4
68034 31 17
68043 4 6
68048 97 28
68063 67 8
68063 46 17
68070 88 8
68075 7 23
68086 10 8
68092 81 26
68111 2 22
68121 71 22
68121 19 18
68136 4 20
68148 4 15
68159 40 0
68168 1 5
68186 94 5
68190 26 1
68195 81 16
68210 79 22
68210 57 19
68227 5 19
68235 4 27
68240 35 17
68253 98 0
68266 85 23
68278 31 24
68279 69 21
68289 11 10
68292 92 0
68311 56 5
68329 5 25
68330 85 10
68340 87 22
68343 63 9
68347 3 27
68351 94 1
68367 45 4
68369 97 5
68385 74 11
68398 43 3
68411 11 4
68412 97 9
68428 16 28
68438 8 6
68438 75 21
68446 5 12
68458 63 5
68461 17 1
68475 86 1
68487 64 16
68487 67 24
68497 97 3
68498 3 2
68506 29 16
68513 57 21
68524 58 28
68525 95 7
68530 4 27
68535 5 13
68551 45 9
68561 26 19
68571 81 10
68585 45 21
68603 66 14
68613 6 20
68627 23 24
68638 23 2
68639 9 13
68649 69 4
68659 36 4
68664 9 9
68669 86 21
68678 64 9
68686 25 15
68694 41 4
68710 39 9
68729 60 16
68734 51 19
68734 30 18
68753 93 12
68757 96 16
68759 9 15
68762 2 21
68775 94 19
68785 57 16
68797 89 2
68816 70 20
68832 35 23
68834 76 27
68847 48 4
68861 25 18
68873 11 2
68874 29 18
68885 66 15
68898 53 26
68899 16 26
68915 80 4
68925 29 24
68929 82 21
68931 95 3
68938 68 12
68942 68 3
68944 72 27
68960 39 6
68979 8 24
68995 35 10
69001 58 24
69004 3 15
69004 80 9
69009 61 17
69028 80 17
69047 9 15
69062 95 16
69076 70 3
69081 86 1
69084 57 8
69090 65 20
69099 94 7
69113 97 25
69117 91 20
69135 58 9
69138 1 6
69140 62 7
69157 49 27
69175 22 14
69192 89 27
69199 80 19
69207 88 27
69226 26 21
69230 94 25
69239 6 12
69252 67 20
69263 7 23
69273 14 23
69288 75 14
69307 92 15
69318 39 0
69333 90 25
69347 31 16
69358 30 1
69374 81 7
69379 48 15
69381 98 14
69392 88 10
69396 33 19
69406 13 9
69407 35 24
69412 77 2
69418 70 9
69436 60 23
69455 73 2
69456 83 16
69458 89 12
69468 23 2
69472 14 23
69473 52 15
69490 84 4
69500 21 20
69518 78 7
69535 81 24
69549 63 25
69549 75 19
69564 41 4
69573 24 27
69584 16 7
69599 98 20
69607 66 10
69620 98 16
69638 75 26
69649 97 20
69666 48 5
69679 6 9
69696 58 23
69714 76 5
69719 27 20
69721 95 22
69729 58 10
69732 42 3
69749 16 20
69763 79 12
69774 84 22
69777 65 15
69790 3 21
69796 37 9
69801 65 3
69805 87 1
69813 18 5
69813 40 18
69821 59 21
69821 24 24
69840 49 27
69846 21 3
69847 29 17
69851 35 6
69855 93 3
69862 66 3
69881 5 3
69890 56 21
69897 91 17
69900 98 18
69916 20 17
69917 37 23
69922 25 28
69936 14 12
69947 32 2
69959 57 26
69967 96 18
69975 40 27
69993 68 4
69998 42 5
