20 56 13
38 79 9
56 89 24
74 63 10
88 76 19
99 34 5
99 25 15
108 34 28
121 5 1
139 35 20
154 11 3
162 14 15
168 50 8
177 52 26
181 7 6
185 53 18
199 98 14
206 74 21
215 14 21
218 85 12
218 71 20
218 4 9
218 10 21
223 71 6
234 68 3
241 25 4
260 92 11
262 96 18
271 69 6
279 71 4
297 78 13
312 22 25
312 32 28
328 18 2
329 78 11
329 68 13
338 82 6
341 88 7
344 69 25
355 78 6
367 86 9
382 61 6
394 2 10
397 98 22
403 45 13
409 21 11
411 55 5
416 47 4
425 81 20
442 6 25
443 46 7
445 15 14
449 49 19
463 68 22
465 75 26
481 96 20
489 17 2
496 42 5
514 37 16
518 79 3
526 40 26
542 12 5
543 68 20
556 88 10
569 79 14
572 96 25
580 31 9
594 1 8
604 55 26
620 80 13
626 68 28
639 8 19
650 38 6
653 10 3
665 66 22
681 29 26
690 9 16
700 83 10
709 61 5
711 41 16
723 0 16
738 54 11
738 54 22
753 70 19
757 10 0
764 25 10
781 70 5
792 0 18
796 55 22
800 65 6
818 10 17
829 38 7
845 5 13
848 77 5
854 52 7
864 44 28
882 39 12
888 21 24
892 73 15
898 63 9
904 64 27
913 78 5
927 17 24
945 69 17
956 55 6
969 15 27
975 47 2
988 23 17
999 1 18
1015 97 14
1031 54 7
1044 86 5
1060 33 25
1067 11 15
1072 16 17
1072 69 14
1089 10 16
1096 4 18
1103 43 14
1121 0 0
1122 91 3
1122 60 8
1122 39 24
1126 3 14
1137 9 14
1144 38 11
1147 52 27
1148 7 11
1160 36 12
1177 62 10
1182 68 3
1188 66 17
1188 71 28
1197 76 6
1215 48 4
1225 56 3
1233 81 16
1245 34 19
1262 93 12
1275 96 4
1280 50 12
1281 15 28
1297 76 9
1310 80 1
1320 46 0
1332 36 9
1351 69 26
1368 8 10
1379 94 4
1398 59 28
1409 94 28
1413 60 8
1426 66 16
1437 89 10
1437 55 15
1441 41 2
1459 48 4
1471 27 17
1474 42 2
1477 50 7
1493 93 23
1499 87 28
1514 30 15
1532 64 17
1538 0 5
1547 45 3
1561 62 22
1576 13 15
1578 93 15
1585 54 26
1592 94 8
1610 51 22
1617 90 22
1635 68 28
1643 18 25
1647 94 2
1661 53 4
1668 35 10
1681 23 24
1688 72 7
1698 29 23
1708 96 5
1724 32 25
1735 7 12
1753 82 12
1753 18 10
1753 62 1
1762 10 16
1774 20 23
1777 97 6
1781 35 27
1799 21 11
1815 75 27
1818 59 23
1822 39 1
1822 80 22
1830 91 23
1837 25 2
1849 26 20
1858 48 5
1877 17 0
1881 31 4
1894 43 14
1903 61 3
1917 70 27
1926 67 20
1942 22 14
1948 70 17
1961 6 27
1970 52 7
1989 22 4
2001 47 0
2019 47 5
2033 95 26
2033 51 14
2041 0 21
2051 90 20
2059 70 18
2064 56 5
2068 75 15
2068 13 27
2079 57 1
2081 89 21
2098 47 8
2100 44 9
2107 95 12
2108 92 15
2126 78 23
2143 65 0
2149 37 25
2160 82 4
2176 66 8
2179 14 7
2181 95 24
2196 26 5
2199 2 13
2217 57 13
2236 81 21
2241 10 26
2256 76 6
2259 5 8
2277 3 12
2288 27 16
2295 70 4
2298 59 11
2317 46 4
2321 33 13
2336 87 12
2345 94 8
2364 6 11
2369 58 18
2378 94 15
2393 68 19
2394 72 27
2406 45 23
2413 0 9
2425 0 14
2439 95 26
2454 51 3
2473 80 10
2487 3 15
2494 50 2
2503 34 28
2506 50 10
2520 41 14
2521 72 28
2531 65 16
2545 68 4
2561 80 2
2571 63 26
2571 46 27
2574 31 1
2577 90 18
2589 72 25
2596 88 9
2614 60 25
2616 92 9
2617 85 8
2632 33 8
2648 57 13
2648 44 8
2665 26 3
2674 54 5
2678 72 12
2697 50 8
2711 29 7
2712 92 11
2722 61 26
2729 44 17
2738 36 16
2738 18 12
2752 96 22
2766 12 19
2770 77 17
2784 79 27
2794 13 24
2813 67 7
2822 57 14
2826 9 20
2839 52 6
2847 43 21
2859 26 14
2871 52 14
2887 79 28
2893 84 4
2907 52 10
2926 4 18
2936 43 8
2954 13 13
2967 50 19
2982 62 1
2989 41 28
3002 21 25
3018 80 7
3028 82 13
3046 40 23
3050 94 23
3066 2 13
3067 50 1
3074 54 25
3076 11 12
3093 1 22
3107 47 2
3114 1 0
3127 57 20
3131 54 12
3133 86 26
3138 77 25
3146 7 0
3165 14 2
3181 11 6
3182 78 4
3190 31 0
3195 21 10
3212 9 19
3228 96 27
3238 74 10
3238 89 0
3253 17 26
3254 74 4
3272 0 19
3285 71 21
3286 64 24
3290 83 22
3304 43 27
3318 81 15
3320 96 20
3335 54 10
3351 37 27
3369 70 28
3382 73 24
3388 75 15
3406 98 19
3418 83 20
3422 22 26
3430 66 15
3446 98 22
3461 94 13
3473 62 2
3481 52 4
3495 85 25
3497 94 23
3505 29 20
3512 80 27
3519 54 16
3535 38 20
3547 73 2
3563 8 3
3577 22 25
3583 95 5
3591 32 19
3595 83 0
3608 26 0
3614 78 7
3620 82 27
3625 65 7
3630 42 22
3635 56 19
3642 83 0
3655 93 15
3667 33 19
3673 88 26
3680 46 28
3685 17 0
3701 36 21
3705 86 4
3711 24 22
3716 94 16
3727 95 0
3733 50 0
3745 34 0
3759 35 20
3765 4 1
3777 4 26
3789 26 8
3789 84 27
3797 39 10
3799 82 2
3807 59 0
3807 21 19
3812 72 13
3822 10 4
3823 9 21
3836 81 28
3837 1 25
3842 67 4
3860 74 25
3863 73 13
3864 67 20
3873 63 12
3878 71 14
3883 49 26
3888 87 12
3901 45 20
3914 0 7
3930 29 2
3945 79 19
3948 38 12
3954 63 14
3964 90 13
3983 22 11
3990 21 24
3993 0 23
4003 97 19
4004 92 22
4022 56 6
4027 79 15
4038 27 22
4055 88 1
4065 9 26
4083 80 3
4102 65 0
4106 75 3
4107 56 4
4123 35 23
4135 93 20
4142 88 0
4152 49 27
4167 9 18
4182 75 20
4191 4 19
4202 98 3
4212 71 10
4218 88 24
4230 70 11
4248 42 25
4259 89 15
4275 61 21
4283 37 23
4288 76 25
4290 62 17
4308 92 19
4312 64 5
4330 54 5
4345 0 12
4348 86 16
4355 44 6
4359 87 0
4368 43 7
4382 23 23
4398 5 10
4411 72 14
4419 59 11
4419 96 17
4424 49 11
4426 40 0
4440 37 14
4457 41 17
4464 96 26
4473 60 15
4488 29 5
4488 46 4
4502 52 13
4517 13 7
4533 8 16
4539 38 7
4540 45 11
4545 18 22
4549 63 24
4553 18 18
4563 80 19
4570 70 7
4588 96 23
4594 36 11
4612 22 2
4614 38 15
4626 0 16
4638 50 27
4654 56 23
4658 4 20
4659 43 4
4665 96 12
4683 42 18
4690 75 24
4692 4 16
4707 0 18
4718 92 7
4735 10 9
4754 87 16
4772 47 22
4786 79 21
4797 58 6
4811 10 27
4828 66 18
4832 32 14
4849 5 6
4849 67 6
4862 27 5
4880 7 26
4898 50 17
4912 6 19
4931 46 8
4937 84 9
4943 67 21
4943 54 14
4958 96 4
4971 77 25
4981 94 3
4996 16 1
5001 33 8
5001 82 4
5007 72 7
5017 33 13
5029 24 7
5039 36 13
5045 29 5
5054 36 7
5059 6 17
5075 78 16
5079 31 12
5081 90 6
5095 74 11
5109 79 10
5125 98 7
5125 58 17
5136 65 6
5139 80 26
5150 57 26
5159 29 12
5177 78 3
5188 11 19
5205 96 12
5213 30 4
5213 31 26
5225 43 11
5225 5 23
5229 94 20
5243 36 4
5243 32 23
5254 50 18
5254 18 20
5267 26 24
5268 62 27
5278 87 21
5295 72 10
5313 68 24
5313 75 4
5320 2 18
5336 35 4
5350 65 4
5363 17 4
5382 50 8
5397 37 6
5399 20 12
5414 93 15
5428 72 9
5446 83 22
5451 83 5
5462 34 19
5469 42 28
5482 33 17
5499 1 16
5512 6 27
5520 7 27
5529 98 14
5533 11 13
5551 59 2
5551 48 2
5556 38 4
5572 24 20
5587 33 17
5597 92 27
5601 89 22
5619 3 18
5632 48 19
5637 29 1
5645 90 24
5658 57 13
5661 59 25
5664 88 25
5670 16 7
5676 14 11
5679 75 1
5688 19 19
5706 68 21
5717 36 0
5728 38 8
5730 46 24
5731 67 20
5747 8 24
5748 55 24
5753 67 19
5766 98 17
5767 42 0
5777 94 10
5783 27 24
5788 66 6
5790 83 24
5802 2 6
5815 3 6
5825 80 20
5825 25 10
5835 47 9
5854 62 15
5860 72 17
5877 92 25
5895 30 16
5895 71 26
5907 75 4
5921 93 27
5940 12 17
5948 26 5
5952 71 23
5959 56 13
5966 42 16
5972 20 11
5988 1 7
5998 59 17
6004 79 14
6021 74 18
6039 52 25
6043 9 21
6051 36 21
6066 0 14
6071 18 24
6071 72 6
6084 56 27
6086 91 23
6090 51 25
6094 57 6
6096 40 19
6097 62 7
6115 28 24
6131 97 5
6143 57 28
6144 4 19
6153 30 26
6159 69 26
6161 98 0
6171 23 22
6178 37 5
6191 43 25
6196 66 23
6206 25 2
6210 95 12
6226 44 19
6234 0 22
6241 88 6
6256 66 26
6266 63 21
6285 27 18
6286 45 21
6298 50 15
6298 91 17
6308 37 23
6319 75 15
6328 23 4
6339 2 16
6347 56 4
6360 27 11
6373 48 18
6388 38 15
6398 88 26
6399 44 4
6417 60 4
6425 35 12
6430 39 2
6446 29 12
6462 69 19
6480 71 15
6488 90 22
6499 33 23
6504 27 27
6512 0 21
6526 45 16
6544 60 17
6550 90 3
6562 37 21
6575 80 2
6583 5 15
6602 87 11
6620 97 3
6633 53 23
6636 90 13
6652 22 22
6657 11 17
6669 31 22
6681 83 18
6697 55 13
6698 46 9
6716 42 25
6724 57 8
6736 42 23
6739 76 14
6753 4 5
6758 1 22
6769 66 26
6783 91 9
6787 23 16
6796 8 12
6815 47 10
6819 72 8
6831 44 13
6849 31 12
6855 74 2
6855 76 2
6863 12 20
6869 6 26
6878 79 15
6880 18 25
6898 51 8
6907 35 28
6913 33 8
6930 53 4
6938 84 22
6953 67 4
6960 0 8
6972 6 6
6986 65 19
6999 93 15
7009 39 5
7009 82 21
7020 69 18
7025 72 15
7038 15 24
7055 81 12
7074 43 4
7086 61 12
7092 20 17
7109 24 23
7110 62 23
7113 70 1
7118 41 3
7128 61 4
7142 14 18
7148 94 7
7152 46 18
7154 44 26
7159 60 18
7178 66 24
7181 83 14
7197 97 2
7201 21 3
7204 64 13
7205 82 18
7213 81 23
7217 33 1
7231 67 3
7239 0 12
7243 13 16
7247 58 5
7263 79 13
7271 81 4
7277 75 12
7293 71 25
7305 74 26
7323 94 17
7325 30 18
7325 94 25
7336 73 25
7348 62 8
7361 96 4
7364 11 10
7367 65 1
7386 39 1
7392 1 0
7394 69 27
7394 7 1
7407 61 5
7424 7 9
7440 1 0
7442 19 8
7455 14 24
7473 67 15
7476 22 3
7495 62 18
7498 26 5
7512 55 23
7525 85 12
7533 66 6
7536 71 15
7537 35 16
7552 33 2
7562 78 12
7577 25 5
7577 50 28
7593 75 10
7607 47 5
7613 57 26
7613 2 16
7613 68 26
7620 88 10
7631 90 1
7637 20 24
7650 44 4
7653 97 2
7669 24 5
7675 91 14
7691 77 10
7691 20 5
7697 88 23
7699 82 25
7711 72 22
7713 39 15
7718 26 28
7719 74 15
7719 94 10
7720 71 4
7730 7 5
7749 11 20
7759 71 4
7771 42 0
7777 16 14
7783 41 24
7784 49 13
7795 40 13
7798 59 2
7808 49 23
7821 20 7
7833 53 5
7840 3 11
7855 92 16
7863 7 10
7872 93 5
7873 8 6
7875 43 14
7890 68 5
7898 27 24
7906 12 6
7919 40 16
7937 82 24
7939 98 25
7947 29 2
7957 17 8
7963 57 8
7963 47 5
7970 69 21
7980 62 13
7991 60 23
8007 87 19
8015 30 26
8033 39 26
8050 52 15
8055 4 20
8062 55 27
8070 38 21
8081 3 18
8083 31 24
8088 61 9
8102 61 18
8110 46 10
8119 77 24
8137 98 5
8145 61 6
8150 68 19
8160 88 22
8169 35 8
8181 71 20
8198 15 17
8200 57 7
8211 54 12
8219 29 11
8224 15 13
8242 2 19
8257 89 20
8268 5 10
8276 89 5
8290 2 25
8291 38 22
8303 80 1
8315 14 17
8315 31 20
8327 17 3
8341 78 6
8343 24 24
8350 8 6
8366 86 6
8378 28 10
8378 6 11
8391 60 11
8409 74 2
8414 98 9
8433 95 15
8449 81 26
8454 31 23
8469 31 20
8479 39 18
8490 92 16
8498 28 13
8516 34 21
8520 75 19
8528 27 17
8538 10 22
8553 28 23
8569 64 9
8574 38 11
8575 93 2
8582 16 13
8591 62 20
8599 58 24
8614 54 14
8631 11 21
8631 76 27
8638 8 4
8646 26 7
8652 38 6
8660 18 10
8670 42 11
8670 44 2
8683 16 14
8687 42 13
8693 29 18
8711 82 3
8719 83 2
8735 91 3
8752 64 8
8758 37 19
8775 50 22
8787 60 22
8800 36 9
8805 61 17
8810 65 17
8812 69 25
8813 80 11
8822 70 2
8838 7 20
8841 76 25
8858 47 16
8869 15 26
8884 68 0
8902 83 22
8914 28 26
8917 5 18
8920 81 1
8921 31 18
8927 92 2
8936 84 6
8953 66 17
8971 28 13
8978 41 19
8994 80 12
9012 43 11
9015 98 7
9025 82 26
9038 34 6
9042 87 17
9046 17 21
9058 57 26
9075 92 26
9076 4 22
9078 52 12
9095 21 23
9095 54 22
9097 92 23
9116 28 20
9128 32 0
9139 26 21
9150 96 17
9154 29 22
9172 61 25
9181 72 6
9192 21 25
9195 33 26
9205 82 26
9208 49 20
9217 60 20
9233 41 6
9252 37 16
9264 19 22
9275 62 1
9293 47 19
9301 37 9
9301 61 0
9302 75 13
9304 65 21
9305 94 16
9317 67 1
9329 28 0
9336 30 25
9341 32 8
9357 32 17
9363 23 0
9372 41 28
9387 89 16
9392 94 2
9402 11 17
9410 75 9
9426 31 18
9432 8 1
9437 18 26
9443 11 10
9461 10 10
9461 63 17
9469 27 9
9476 51 25
9480 26 12
9488 37 10
9500 91 23
9501 93 18
9517 61 1
9526 20 9
9539 1 27
9552 98 23
9554 6 8
9555 89 1
9560 64 23
9570 50 27
9574 34 17
9585 98 1
9594 46 26
9604 96 1
9616 87 23
9625 70 10
9637 5 4
9648 42 6
9657 13 1
9661 38 10
9661 39 23
9664 94 11
9664 8 0
9673 33 11
9684 30 26
9686 24 11
9695 67 21
9714 67 11
9717 67 22
9735 50 16
9750 17 2
9759 51 7
9762 79 6
9775 55 9
9790 63 27
9805 71 27
9808 74 10
9819 52 23
9819 5 2
9833 74 1
9841 55 7
9859 84 9
9864 76 7
9878 35 3
9885 70 19
9899 85 16
9902 51 19
9908 42 27
9908 95 3
9908 52 27
9914 89 1
9922 34 10
9927 35 26
9946 29 27
9956 84 19
9974 82 2
9985 63 11
9995 94 24
10007 4 14
10013 9 21
10020 25 12
10025 97 10
10037 42 21
10043 61 18
10055 13 26
10074 29 7
10079 50 9
10090 34 15
10106 73 1
10122 10 6
10133 15 2
10143 21 23
10154 71 13
10162 98 19
10167 13 27
10178 84 10
10179 88 13
10198 55 23
10201 19 28
10216 42 12
10226 4 16
10227 53 12
10228 48 4
10233 13 25
10237 83 21
10245 44 15
10261 62 3
10269 88 1
10271 38 4
10281 82 27
10282 64 7
10296 9 9
10309 72 7
10322 50 13
10340 94 8
10351 95 16
10357 41 28
10362 47 4
10380 76 3
10385 48 20
10390 10 14
10401 93 6
10401 1 6
10404 25 4
10418 5 11
10418 98 7
10435 62 20
10447 13 25
10449 40 20
10460 81 0
10479 25 19
10479 62 27
10486 87 11
10487 73 0
10490 31 4
10493 65 7
10507 35 0
10518 15 28
10527 31 18
10531 75 22
10531 73 2
10534 83 1
10537 62 17
10547 61 18
10560 21 28
10562 60 12
10566 50 26
10585 46 18
10587 94 7
10598 40 17
10614 6 11
10629 51 20
10631 92 8
10647 68 12
10666 64 24
10685 1 14
10685 76 11
10694 64 28
10701 26 26
10703 30 18
10716 85 3
10734 20 20
10744 29 25
10759 10 28
10767 96 18
10778 46 15
10781 15 11
10796 59 10
10802 72 15
10821 74 13
10838 64 3
10847 86 17
10865 94 17
10867 55 27
10880 21 11
10896 72 18
10914 29 10
10918 55 10
10924 74 13
10935 0 14
10947 2 23
10957 60 28
10959 53 7
10965 64 6
10965 42 21
10966 9 1
10966 23 18
10968 61 22
10980 6 22
10992 44 5
10995 70 3
11003 74 5
11007 54 27
11017 97 23
11024 69 26
11031 14 18
11034 81 12
11044 31 17
11063 3 19
11081 93 16
11098 32 12
11110 79 9
11116 70 14
11129 19 12
11129 78 4
11133 5 16
11146 42 10
11160 90 22
11166 8 20
11179 7 10
11193 83 14
11208 13 1
11227 4 24
11240 94 28
11249 15 15
11262 58 7
11266 50 8
11279 42 25
11283 56 27
11287 28 12
11302 43 9
11306 36 0
11309 15 8
11316 16 19
11333 22 11
11346 10 12
11359 31 27
11360 82 25
11364 61 28
11383 39 20
11401 86 10
11416 72 15
11419 9 23
11427 18 11
11440 80 0
11448 1 19
11458 49 21
11466 5 14
11481 53 27
11495 31 18
11507 80 21
11510 52 22
11517 56 14
11532 97 21
11541 52 1
11541 87 4
11553 94 2
11554 24 22
11568 21 3
11579 23 16
11590 44 25
11603 81 16
11603 21 7
11619 86 15
11629 2 28
11635 48 14
11650 60 18
11664 40 26
11671 49 28
11673 52 3
11684 61 3
11700 13 22
11702 97 25
11705 20 25
11706 79 0
11725 69 24
11732 84 14
11737 65 7
11740 23 13
11755 44 23
11770 66 3
11776 31 2
11793 43 11
11797 75 7
11813 72 27
11818 47 26
11837 49 19
11846 75 13
11864 84 12
11876 96 18
11895 20 20
11897 12 11
11898 59 13
11898 63 2
11908 34 11
11915 53 19
11917 84 7
11925 53 15
11929 26 25
11930 84 2
11930 33 25
11932 93 12
11948 94 20
11966 15 0
11971 19 5
11980 1 13
11994 13 20
12009 89 5
12022 38 7
12034 97 10
12045 58 1
12055 41 19
12070 65 19
12072 95 7
12084 81 5
12085 9 12
12088 34 4
12091 41 3
12103 8 28
12105 32 11
12122 30 13
12134 38 10
12141 18 3
12153 70 14
12163 55 18
12180 85 25
12184 87 18
12189 3 4
12202 97 26
12215 9 26
12221 72 6
12238 74 4
12249 45 15
12261 76 14
12274 55 20
12292 98 20
12305 80 6
12305 57 11
12310 57 22
12322 29 12
12340 17 4
12357 26 19
12363 15 6
12375 0 10
12385 4 2
12398 8 8
12408 50 5
12425 81 6
12425 50 22
12437 37 27
12441 84 2
12452 57 22
12456 6 20
12456 53 7
12474 58 22
12492 18 1
12507 69 24
12516 31 18
12522 35 10
12530 1 12
12533 59 0
12539 1 27
12546 26 22
12548 50 27
12564 81 12
12574 11 21
12592 24 11
12592 93 2
12597 34 21
12603 32 12
12622 30 7
12630 78 21
12648 48 18
12662 12 18
12666 54 1
12672 74 18
12691 1 8
12702 57 19
12704 24 6
12722 85 20
12723 86 7
12741 90 19
12742 90 22
12750 88 20
12763 31 2
12764 22 14
12783 13 15
12787 1 24
12803 33 9
12822 24 18
12839 6 23
12857 35 2
12857 46 15
12865 20 16
12874 74 8
12883 51 1
12886 73 16
12894 24 16
12909 21 17
12922 18 27
12929 66 15
12931 41 11
12933 72 25
12945 34 10
12949 42 27
12962 35 22
12976 77 9
12988 68 2
13005 50 0
13019 87 13
13022 73 27
13039 43 23
13043 61 11
13061 91 24
13078 52 4
13082 39 5
13087 64 7
13103 96 12
13121 31 3
13131 33 4
13138 96 6
13150 12 21
13151 66 1
13170 13 0
13172 59 9
13183 7 20
13185 94 8
13189 37 28
13190 95 24
13194 65 21
13207 77 14
13220 8 4
13231 23 19
13237 30 5
13251 92 21
13255 48 5
13255 14 28
13256 3 1
13257 90 16
13266 41 27
13271 64 9
13278 25 1
13288 0 21
13305 73 28
13311 40 3
13321 35 8
13322 46 8
13333 67 14
13343 85 21
13347 18 16
13353 66 26
13353 43 25
13355 19 20
13355 18 13
13355 90 28
13363 26 19
13373 87 20
13381 70 23
13386 93 27
13394 48 8
13394 86 28
13410 64 6
13416 78 6
13434 49 9
13441 77 5
13457 73 28
13459 91 3
13477 98 4
13492 39 10
13508 44 25
13521 19 17
13522 22 7
13526 52 6
13532 93 21
13544 46 5
13561 52 27
13568 64 6
13579 14 4
13582 43 19
13587 88 25
13589 61 21
13606 56 0
13616 14 5
13618 72 28
13625 14 28
13625 38 6
13642 55 6
13654 28 17
13658 28 20
13668 98 21
13673 78 13
13674 24 2
13674 46 13
13688 59 12
13707 82 24
13726 62 8
13738 11 9
13754 61 0
13761 9 4
13764 74 17
13783 61 11
13789 38 9
13796 30 6
13804 24 8
13811 8 5
13828 91 21
13841 61 15
13851 11 15
13865 22 1
13872 16 22
13883 0 18
13890 12 28
13897 12 5
13898 28 27
13917 60 24
13918 82 1
13923 19 10
13939 94 28
13945 2 8
13945 0 16
13958 42 17
13971 5 0
13981 60 17
13986 34 2
13994 7 25
14004 89 4
14015 67 28
14026 68 28
14031 59 3
14045 25 8
14053 42 2
14071 96 23
14079 7 3
14095 24 25
14107 11 27
14112 90 26
14127 71 16
14143 54 5
14154 84 8
14155 41 5
14170 53 17
14170 89 7
14171 63 14
14190 84 1
14198 41 19
14208 28 18
14216 21 16
14219 51 12
14238 23 22
14244 86 8
14255 93 6
14262 55 15
14275 62 26
14277 11 3
14295 71 4
14313 75 0
14318 62 16
14320 41 13
14337 55 27
14350 54 19
14366 12 24
14381 72 5
14386 10 2
14401 19 16
14401 97 22
14404 64 17
14405 0 17
14419 59 17
14423 86 2
14433 71 6
14438 6 19
14445 75 11
14461 87 6
14479 55 16
14480 57 19
14488 61 24
14505 24 2
14518 4 27
14528 19 20
14538 89 6
14548 75 11
14552 62 8
14558 44 0
14566 91 21
14585 45 17
14599 75 26
14612 63 6
14626 70 2
14641 95 25
14655 61 11
14672 34 25
14681 88 13
14698 43 0
14716 83 28
14721 44 6
14740 25 2
14758 80 7
14772 19 3
14775 41 11
14790 37 19
14808 61 19
14827 13 11
14839 73 1
14850 8 15
14850 1 10
14853 80 11
14867 18 6
14874 14 8
14877 28 19
14880 27 27
14891 19 7
14893 59 3
14910 61 7
14911 42 14
14920 63 14
14925 44 16
14935 87 12
14942 36 9
14956 42 13
14965 40 13
14978 5 8
14987 90 0
14998 70 17
15006 2 3
15012 4 11
15025 57 28
15029 73 16
15034 55 5
15045 72 10
15053 53 7
15072 15 2
15084 56 12
15091 17 24
15109 18 15
15126 75 2
15134 57 6
15138 13 4
15149 85 1
15158 88 14
15177 98 17
15188 43 2
15204 64 1
15223 19 14
15241 41 18
15258 79 19
15258 16 5
15274 62 20
15276 89 4
15283 53 3
15293 85 0
15307 93 3
15317 17 2
15325 4 17
15337 72 5
15349 19 0
15354 47 25
15371 90 17
15383 10 0
15396 33 9
15409 73 10
15420 11 6
15439 62 6
15446 10 8
15454 74 16
15462 68 6
15479 2 21
15483 70 24
15493 52 12
15505 52 10
15510 24 8
15528 19 17
15533 88 23
15533 40 24
15541 10 8
15552 50 25
15554 1 22
15560 23 3
15560 3 20
15569 68 10
15579 86 21
15597 19 26
15606 86 2
15611 22 26
15626 54 19
15633 29 22
15647 5 19
15657 25 1
15658 36 24
15660 59 3
15678 62 14
15678 68 8
15683 51 5
15689 29 25
15703 89 28
15707 77 9
15722 31 17
15727 28 17
15740 41 4
15741 64 17
15752 25 17
15752 23 13
15770 0 1
15773 94 24
15773 48 27
15791 74 2
15793 63 6
15808 51 1
15811 7 1
15822 84 27
15827 20 24
15834 92 3
15834 83 6
15849 98 1
15866 95 15
15874 34 24
15879 4 14
15885 75 5
15890 89 11
15907 32 15
15913 38 26
15914 41 14
15917 96 26
15921 14 22
15928 45 6
15942 90 8
15950 78 12
15962 94 26
15973 70 19
15988 70 15
15998 98 5
16008 70 9
16014 32 23
16021 0 21
16026 36 3
16028 26 10
16038 37 11
16056 45 19
16057 97 19
16067 34 17
16079 20 4
16094 54 21
16101 34 11
16111 44 17
16126 37 28
16137 30 4
16139 61 13
16145 36 28
16147 50 13
16157 70 25
16170 17 5
16172 93 11
16177 78 17
16178 58 3
16189 76 23
16205 3 15
16222 10 15
16229 69 9
16248 19 0
16249 44 23
16261 27 11
16266 20 9
16282 63 6
16288 12 6
16288 97 21
16301 36 12
16304 21 23
16305 55 20
16313 38 8
16313 56 7
16322 90 19
16333 81 14
16334 42 18
16344 54 12
16359 35 16
16371 22 11
16374 95 19
16392 4 5
16410 57 13
16422 21 24
16426 87 25
16442 61 10
16452 34 18
16468 40 18
16477 24 24
16481 34 21
16498 81 27
16508 98 25
16516 75 27
16516 4 13
16522 30 23
16522 61 2
16540 98 5
16550 8 20
16565 73 16
16578 0 16
16594 25 26
16607 64 10
16623 66 10
16637 84 17
16645 45 1
16646 27 0
16660 37 27
16664 26 14
16666 38 17
16672 12 13
16689 88 2
16690 71 16
16705 64 25
16707 47 7
16707 36 11
16708 58 20
16722 26 21
16723 45 17
16737 19 15
16740 27 21
16753 69 10
16767 31 12
16769 84 6
16770 80 14
16784 73 16
16784 49 20
16797 32 18
16807 71 8
16810 13 25
16818 82 5
16824 17 14
16829 37 4
16832 67 18
16846 31 19
16857 95 6
16864 40 16
16878 26 28
16883 24 8
16893 36 13
16903 19 6
16910 50 25
16924 45 8
16925 52 1
16934 65 5
16943 33 7
16961 83 7
16963 33 7
16974 86 18
16980 88 13
16981 78 19
16995 98 23
17006 86 8
17014 12 24
17018 27 0
17037 71 15
17040 20 27
17053 1 19
17063 17 8
17068 78 20
17073 17 27
17087 7 4
17097 94 8
17113 83 2
17131 40 7
17133 43 18
17138 53 5
17146 14 17
17157 94 7
17168 63 15
17181 43 28
17186 11 8
17193 9 10
17197 6 0
17215 38 4
17231 93 20
17249 66 7
17256 45 14
17274 94 14
17274 40 16
17281 23 26
17285 71 8
17287 38 16
17290 50 10
17300 67 19
17304 57 28
17304 91 14
17316 43 10
17327 88 22
17340 9 18
17342 24 2
17361 17 25
17367 48 27
17378 67 26
17387 36 2
17388 15 4
17392 74 3
17393 52 26
17394 77 15
17407 76 5
17421 24 3
17436 77 20
17441 12 18
17448 51 7
17457 80 0
17471 23 26
17476 29 0
17485 10 6
17497 14 13
17508 52 13
17515 30 3
17530 17 11
17531 22 20
17545 56 20
17548 19 24
17562 63 3
17566 74 7
17580 26 26
17590 20 17
17604 90 22
17616 70 1
17635 92 25
17636 31 15
17645 77 28
17654 33 0
17656 73 8
17665 84 22
17683 78 4
17692 7 18
17706 20 23
17713 8 27
17716 14 0
17727 87 1
17730 88 8
17743 28 12
17745 69 27
17760 89 21
17771 70 0
17784 71 6
17786 92 27
17788 35 2
17803 9 16
17814 67 7
17814 23 24
17823 55 23
17837 2 3
17843 79 11
17844 41 23
17861 97 4
17880 56 19
17882 1 1
17894 78 0
17907 49 25
17910 35 11
17923 77 2
17937 12 23
17956 88 14
17969 18 2
17987 48 1
17987 92 4
18005 61 19
18005 34 21
18021 67 12
18033 46 17
18045 3 9
18057 63 20
18059 6 5
18075 88 22
18091 83 5
18096 19 18
18115 83 17
18119 10 14
18121 79 0
18125 77 13
18127 48 17
18133 20 10
18151 80 24
18169 63 22
18176 6 1
18188 21 12
18192 14 0
18204 53 6
18206 71 3
18221 51 18
18236 60 7
18251 68 27
18258 80 12
18262 11 17
18263 98 28
18275 69 24
18281 8 20
18283 78 10
18285 30 8
18291 93 5
18305 75 15
18314 68 13
18331 15 22
18332 53 3
18336 15 10
18338 29 16
18342 10 17
18346 96 19
18364 2 15
18378 54 1
18380 54 14
18383 93 9
18383 3 4
18398 43 21
18415 38 24
18425 32 26
18428 24 9
18433 36 6
18452 29 12
18460 4 13
18477 64 8
18491 52 27
18502 88 27
18505 4 7
18518 8 4
18526 72 2
18542 16 18
18548 97 5
18550 16 6
18566 21 20
18579 29 5
18580 93 13
18597 47 3
18610 29 4
18623 65 23
18641 98 2
18642 41 0
18659 61 28
18671 94 20
18677 44 22
18682 19 14
18691 80 1
18710 71 26
18719 73 6
18729 40 26
18735 62 7
18741 74 9
18747 95 2
18765 58 26
18769 50 11
18773 26 28
18773 55 20
18783 95 18
18798 46 3
18805 80 16
18820 88 22
18822 21 15
18826 80 9
18827 84 15
18830 56 24
18832 83 20
18848 13 25
18854 47 7
18855 97 21
18856 43 27
18858 8 25
18866 84 11
18870 36 13
18871 7 14
18875 18 14
18879 40 19
18897 78 8
18911 73 24
18924 92 11
18939 88 18
18940 74 9
18947 89 0
18948 98 6
18957 40 11
18975 50 4
18991 12 20
19006 12 1
19008 79 24
19008 88 13
19020 87 24
19039 50 19
19047 33 10
19054 4 10
19073 14 11
19084 68 11
19084 64 2
19102 3 5
19117 22 11
19133 65 26
19146 47 7
19146 59 17
19162 41 20
19174 19 16
19186 45 16
19197 35 5
19201 75 0
19204 19 18
19222 82 11
19228 76 7
19237 66 21
19240 29 9
19243 22 6
19247 27 19
19260 29 20
19269 57 26
19278 75 10
19285 95 8
19297 59 0
19310 62 21
19312 38 2
19315 4 9
19334 20 17
19344 44 24
19348 55 20
19362 96 16
19378 32 17
19396 78 17
19406 26 11
19415 37 9
19422 6 24
19434 98 4
19446 37 23
19453 51 12
19466 97 25
19472 49 15
19479 15 17
19494 82 26
19505 56 15
19518 61 11
19535 61 7
19543 47 23
19551 39 1
19557 73 19
19568 87 10
19582 50 9
19594 96 4
19608 15 5
19611 38 15
19622 29 16
19630 55 17
19641 52 27
19642 40 19
19650 6 9
19653 27 5
19664 87 26
19668 56 2
19674 6 6
19690 79 18
19693 84 21
19709 79 5
19718 28 4
19736 94 22
19742 93 5
19745 49 15
19757 30 1
19769 21 24
19787 57 4
19793 8 7
19797 73 10
19811 13 10
19826 19 2
19836 83 14
19847 29 24
19852 15 1
19866 71 3
19881 45 5
19885 80 23
19893 36 18
19893 38 10
19910 63 14
19916 96 22
19917 84 21
19934 5 6
19942 51 2
19960 31 8
19978 25 19
19990 1 11
20008 51 11
20018 45 27
20018 65 13
20037 86 4
20040 29 12
20057 86 5
20073 17 8
20073 66 12
20078 93 21
20088 83 15
20096 65 16
20110 86 11
20120 19 22
20131 45 25
20133 68 7
20140 91 16
20153 65 23
20168 23 13
20177 95 25
20196 83 12
20200 22 15
20204 76 5
20204 17 3
20213 61 4
20220 5 27
20226 34 10
20235 72 8
20236 28 7
20253 28 23
20266 56 16
20280 90 5
20280 83 14
20281 80 19
20296 53 12
20313 74 18
20330 81 15
20336 83 20
20355 96 11
20369 98 27
20384 64 23
20399 36 23
20414 18 8
20415 2 16
20418 49 26
20433 96 20
20441 92 28
20444 48 11
20453 16 8
20453 86 28
20468 0 8
20471 98 14
20482 91 7
20482 29 17
20490 97 27
20509 5 8
20515 73 15
20520 40 16
20535 59 20
20538 50 6
20546 27 5
20550 93 14
20562 75 14
20565 61 22
20570 28 9
20581 30 11
20585 70 22
20587 28 13
20591 32 24
20600 37 22
20603 87 18
20605 27 21
20609 93 19
20624 93 8
20629 73 2
20633 37 15
20633 74 19
20651 73 27
20666 70 17
20668 52 11
20678 16 12
20685 63 13
20686 49 6
20686 16 23
20696 40 26
20712 26 26
20725 34 15
20737 43 2
20756 52 7
20774 48 27
20779 79 17
20786 30 22
20799 57 28
20799 43 23
20800 76 6
20801 56 6
20815 73 14
20832 90 6
20851 18 13
20855 56 3
20865 10 28
20880 41 11
20898 24 0
20915 63 23
20925 0 16
20934 31 19
20953 10 6
20961 83 26
20977 65 2
20996 93 26
20999 32 22
21007 54 18
21024 64 9
21040 29 12
21056 61 1
21075 4 15
21077 32 15
21082 9 16
21095 13 2
21099 29 17
21112 51 28
21122 3 10
21132 22 5
21148 33 8
21148 86 24
21163 2 28
21176 0 23
21191 85 8
21194 86 17
21206 12 8
21211 82 23
21228 76 11
21242 64 24
21247 49 16
21249 29 23
21263 36 15
21264 7 12
21271 10 7
21281 52 8
21290 67 17
21298 77 1
21298 38 18
21317 38 24
21330 55 14
21348 76 27
21367 41 12
21384 87 15
21399 1 28
21411 81 0
21424 97 19
21430 73 28
21439 61 14
21457 42 11
21468 49 18
21475 53 24
21487 45 5
21504 85 19
21512 16 15
21531 3 0
21533 30 2
21550 2 25
21565 91 9
21579 58 12
21582 23 14
21584 62 5
21601 98 9
21601 69 28
21617 4 28
21631 7 2
21636 28 20
21638 53 22
21656 76 14
21675 74 28
21677 21 2
21679 46 22
21689 93 4
21707 91 21
21712 53 3
21726 5 21
21739 5 5
21743 58 28
21759 93 23
21766 4 15
21772 49 24
21777 31 6
21782 22 21
21790 23 5
21804 50 13
21823 82 15
21836 12 2
21843 41 1
21860 46 14
21867 75 27
21883 51 12
21898 32 11
21911 9 22
21915 75 21
21915 12 8
21928 73 6
21929 34 12
21944 55 6
21953 19 26
21957 87 21
21972 88 10
21972 21 1
21985 50 6
21997 35 23
22014 7 10
22021 53 18
22029 77 4
22039 3 21
22057 45 20
22074 68 5
22087 27 14
22105 60 9
22107 18 25
22108 66 21
22114 97 28
22117 88 16
22133 4 22
22140 95 1
22151 94 28
22165 79 18
22173 73 13
22183 13 28
22200 32 24
22200 20 25
22209 36 19
22211 19 23
22220 24 17
22230 4 2
22236 54 23
22254 90 15
22255 13 17
22266 45 2
22268 16 20
22284 61 25
22299 94 7
22317 67 25
22322 53 2
22341 89 24
22346 82 9
22351 78 22
22367 54 26
22382 0 0
22393 5 13
22393 77 27
22401 56 17
22415 66 7
22433 40 19
22436 53 27
22436 60 18
22442 82 16
22452 76 8
22466 10 11
22471 52 4
22489 19 2
22495 76 26
22509 91 28
22509 35 23
22525 44 6
22527 21 15
22531 71 8
22531 76 17
22536 53 8
22551 41 25
22551 52 18
22565 56 0
22580 35 2
22590 93 19
22609 81 20
22621 61 26
22637 12 21
22653 30 17
22659 98 27
22675 20 10
22678 36 22
22689 53 13
22699 15 1
22709 38 16
22718 80 5
22736 15 21
22739 14 2
22757 10 14
22766 45 28
22783 4 5
22786 82 0
22786 21 18
22798 33 26
22800 3 25
22805 41 3
22820 31 26
22826 8 25
22827 80 12
22831 39 17
22848 20 0
22855 87 19
22863 39 13
22873 73 7
22876 97 2
22879 92 27
22895 43 6
22905 68 0
22921 87 17
22927 70 14
22932 45 0
22935 74 26
22953 78 14
22961 19 5
22964 44 18
22966 87 14
22968 49 22
22970 90 14
22983 17 24
23002 47 11
23009 60 21
23026 4 19
23029 2 9
23033 91 7
23040 93 3
23057 84 26
23057 61 8
23075 98 15
23077 59 22
23087 23 9
23091 0 19
23098 32 24
23108 93 26
23109 65 9
23117 84 28
23123 50 14
23126 15 1
23134 61 3
23153 42 15
23171 80 10
23173 23 22
23177 92 11
23183 17 13
23196 59 18
23204 13 17
23213 22 6
23222 34 6
23227 12 3
23246 57 21
23251 57 21
23260 0 23
23267 75 11
23267 32 7
23285 85 26
23304 58 24
23311 97 1
23327 88 24
23339 4 23
23352 56 19
23353 35 26
23355 16 3
23371 17 12
23381 36 25
23389 40 13
23395 16 8
23410 96 28
23428 25 16
23428 47 12
23429 61 0
23438 67 9
23451 66 4
23466 56 23
23475 97 27
23491 43 22
23500 83 25
23509 24 16
23521 50 19
23536 18 4
23543 24 6
23559 0 15
23571 61 12
23571 97 27
23578 97 16
23578 90 11
23578 87 13
23591 86 17
23607 20 19
23626 98 6
23632 54 5
23633 25 10
23648 4 18
23662 40 4
23667 71 10
23668 85 0
23681 44 18
23682 8 2
23698 58 9
23713 53 18
23725 61 27
23744 7 11
23748 64 27
23748 21 6
23755 0 4
23757 80 24
23768 0 21
23774 25 16
23781 41 2
23789 67 24
23807 54 21
23816 19 6
23831 61 28
23842 36 15
23844 62 11
23854 58 0
23854 65 1
23863 1 4
23869 89 24
23882 79 18
23893 96 2
23909 0 8
23917 40 26
23917 0 14
23917 88 22
23932 18 20
23944 91 17
23945 34 14
23962 73 4
23967 53 22
23984 93 26
23993 38 10
23993 64 22
23993 11 1
24011 58 17
24024 15 24
24029 17 11
24032 42 1
24051 16 26
24064 55 0
24070 58 5
24086 49 6
24089 5 11
24106 4 13
24108 87 11
24114 70 27
24132 85 1
24151 55 2
24160 33 6
24173 1 21
24182 86 26
24194 87 22
24198 83 7
24205 41 18
24209 9 14
24219 7 14
24225 85 27
24238 80 16
24251 50 5
24260 27 22
24264 59 26
24266 97 17
24277 57 22
24283 32 14
24292 32 12
24298 95 21
24313 71 17
24314 16 18
24317 90 28
24329 17 7
24342 92 26
24354 48 10
24362 65 8
24370 73 8
24375 30 12
24391 76 16
24392 69 16
24402 18 26
24410 15 27
24412 27 9
24423 57 27
24427 63 4
24427 75 7
24428 34 25
24433 65 21
24437 73 2
24440 52 24
24452 65 3
24460 27 5
24479 49 1
24486 79 9
24501 50 13
24501 2 4
24501 80 11
24503 50 10
24510 2 21
24529 57 18
24534 67 6
24540 32 18
24552 88 17
24566 57 9
24578 73 2
24582 74 5
24586 85 26
24588 49 0
24602 62 9
24613 21 0
24631 21 8
24647 44 8
24657 93 5
24675 81 25
24685 0 20
24701 39 5
24720 81 22
24729 49 11
24737 62 23
24753 79 10
24759 23 24
24761 22 18
24765 26 18
24769 51 21
24769 48 11
24783 14 17
24790 18 15
24808 91 10
24816 59 9
24819 21 19
24830 43 10
24845 44 3
24862 93 1
24867 60 3
24885 1 3
24891 92 26
24900 98 3
24918 2 23
24926 20 21
24931 8 24
24947 1 25
24947 36 22
24957 52 24
24970 87 22
24974 38 22
24979 42 19
24988 6 15
24995 75 5
25011 44 2
25014 52 23
25023 67 4
25023 2 27
25027 84 12
25029 55 14
25036 0 13
25044 75 17
25062 18 16
25080 35 5
25082 82 22
25097 11 4
25101 64 24
25111 20 11
25114 15 6
25127 52 11
25136 97 10
25146 68 21
25149 82 5
25154 11 13
25163 24 15
25180 29 19
25186 65 20
25199 92 20
25216 39 9
25225 77 2
25232 26 7
25245 86 8
25247 25 13
25260 90 26
25276 48 26
25288 47 22
25301 4 20
25302 68 26
25320 92 14
25327 14 27
25327 84 2
25329 32 22
25338 47 3
25355 61 25
25372 92 28
25391 55 23
25392 65 19
25410 12 9
25411 89 16
25426 33 16
25432 41 14
25451 82 3
25453 4 6
25456 52 8
25469 47 17
25479 36 6
25483 69 11
25498 3 25
25510 63 19
25518 36 0
25536 84 9
25537 81 16
25547 19 11
25549 74 19
25561 66 22
25579 12 12
25594 59 24
25602 89 8
25610 82 26
25621 96 20
25640 39 24
25643 40 15
25657 73 16
25659 88 16
25671 89 11
25673 84 9
25688 51 27
25692 9 26
25694 91 22
25709 80 1
25717 71 2
25730 67 26
25745 97 18
25761 36 20
25772 51 23
25784 93 23
25795 73 26
25800 88 18
25808 77 13
25811 54 26
25828 34 13
25837 25 19
25848 62 20
25862 66 26
25870 77 24
25880 92 16
25896 44 20
25905 83 24
25909 35 1
25919 26 12
25934 34 6
25942 88 24
25949 46 20
25962 96 16
25978 41 4
25991 93 9
26010 44 4
26022 43 14
26028 54 2
26046 98 27
26063 70 9
26073 21 12
26083 37 26
26102 26 14
26117 64 23
26135 70 27
26137 15 9
26146 15 0
26147 90 26
26154 23 9
26167 41 15
26176 87 19
26178 6 21
26180 22 5
26195 6 14
26196 26 14
26201 29 10
26202 11 6
26203 78 8
26211 17 5
26218 64 4
26222 92 26
26233 43 13
26250 20 18
26258 85 27
26270 31 23
26274 45 2
26285 58 20
26287 47 15
26295 87 22
26309 88 26
26309 3 21
26315 26 20
26316 45 2
26327 46 17
26342 60 3
26355 45 1
26364 91 25
26365 26 7
26367 80 5
26384 96 2
26397 4 14
26414 88 1
26414 59 15
26433 89 15
26438 54 5
26447 18 12
26458 0 23
26458 88 1
26465 50 20
26472 89 18
26486 65 6
26488 2 21
26505 90 12
26511 39 8
26513 95 21
26530 66 19
26537 15 13
26550 95 10
26563 17 11
26578 49 11
26595 96 2
26602 47 22
26615 24 6
26627 94 21
26633 17 27
26645 27 20
26651 5 24
26661 79 28
26679 58 6
26683 2 9
26690 28 14
26705 35 17
26717 32 2
26732 8 11
26740 93 7
26756 13 11
26769 27 28
26783 58 14
26789 90 12
26790 57 10
26794 26 27
26805 71 6
26824 33 22
26839 20 15
26854 28 14
26870 44 17
26872 94 12
26884 26 25
26894 16 23
26899 94 5
26911 27 1
26927 1 9
26927 47 16
26928 52 18
26938 83 26
26945 24 23
26952 71 18
26953 15 11
26965 60 2
26967 22 2
26970 68 19
26980 59 3
26996 88 20
27006 96 14
27012 68 10
27013 80 16
27022 25 5
27036 97 0
27050 92 18
27064 18 10
27068 89 13
27080 10 14
27091 65 16
27105 48 20
27109 64 10
27122 89 24
27131 31 0
27133 43 23
27139 4 5
27140 50 1
27142 85 18
27153 36 13
27165 21 9
27180 30 28
27193 92 18
27201 84 0
27209 36 7
27222 39 8
27223 26 8
27227 33 20
27234 61 25
27237 98 19
27239 6 22
27251 23 19
27261 27 9
27264 1 15
27264 23 8
27279 85 25
27290 28 18
27306 21 28
27324 1 26
27333 4 15
27335 16 26
27345 67 11
27361 78 7
27367 12 25
27378 74 10
27385 78 27
27388 63 19
27407 12 19
27407 96 15
27414 3 1
27427 37 24
27436 73 28
27452 94 0
27463 25 26
27474 33 16
27491 77 23
27508 72 17
27511 96 16
27522 75 23
27526 93 12
27544 20 10
27556 42 7
27573 18 17
27582 46 21
27591 18 3
27610 87 22
27614 87 23
27633 81 14
27640 14 21
27651 54 8
27667 24 20
27681 85 9
27699 31 16
27714 37 22
27721 26 17
27725 44 24
27727 19 16
27738 57 16
27756 17 0
27763 98 10
27780 57 11
27780 79 19
27795 13 11
27802 36 7
27807 52 12
27826 36 27
27829 60 3
27832 75 10
27846 83 15
27849 39 24
27867 91 17
27880 94 27
27887 60 24
27887 63 11
27890 37 24
27906 0 10
27913 85 11
27915 1 25
27923 71 17
27931 48 26
27931 49 6
27931 53 18
27941 65 2
27941 98 25
27949 53 7
27963 31 3
27971 21 11
27982 3 17
27990 15 22
28006 3 22
28015 78 26
28026 34 22
28027 44 28
28044 63 9
28053 59 7
28065 41 16
28071 83 11
28081 74 15
28081 32 9
28099 61 4
28115 58 10
28121 85 6
28130 1 10
28132 91 11
28147 87 5
28153 91 19
28166 48 4
28184 60 7
28188 64 2
28189 58 26
28190 20 22
28196 34 14
28205 8 27
28218 22 5
28227 94 11
28245 66 11
28261 68 14
28269 37 13
28274 68 21
28278 91 4
28280 8 23
28286 3 3
28290 55 23
28304 18 14
28313 83 23
28324 40 6
28342 69 0
28345 95 17
28354 77 18
28373 5 23
28380 82 24
28387 35 19
28387 60 20
28403 69 11
28404 15 12
28416 87 18
28417 39 22
28433 21 18
28442 33 23
28450 78 19
28467 83 22
28476 19 21
28490 18 24
28502 95 24
28513 47 12
28525 5 13
28532 40 11
28536 38 26
28552 61 2
28556 3 26
28571 95 24
28583 28 20
28591 85 27
28592 61 23
28602 23 12
28607 50 1
28619 50 13
28637 3 3
28648 69 18
28651 76 1
28657 10 7
28663 52 14
28666 35 5
28668 92 24
28685 65 11
28691 56 17
28697 46 23
28711 53 18
28720 43 13
28729 33 0
28740 98 4
28741 68 26
28759 17 6
28778 90 6
28797 28 23
28809 16 21
28826 57 28
28844 53 20
28862 51 21
28867 29 2
28873 35 11
28887 39 9
28896 6 19
28908 43 11
28925 59 2
28939 90 22
28942 68 6
28952 29 12
28961 0 0
28965 90 23
28980 49 26
28989 56 8
28989 60 14
28990 61 8
29009 78 10
29027 39 16
29033 34 25
29048 90 16
29049 48 9
29056 31 21
29074 49 3
29082 80 28
29088 25 22
29098 46 2
29109 69 26
29115 41 25
29134 30 3
29153 0 19
29159 91 7
29171 92 19
29178 84 18
29185 15 0
29199 90 3
29208 50 4
29218 85 6
29230 39 17
29239 84 0
29248 72 15
29251 70 26
29260 20 0
29268 22 18
29274 97 3
29276 15 12
29295 10 14
29296 3 23
29297 44 3
29315 24 3
29326 92 1
29329 41 28
29334 29 10
29335 82 8
29347 20 8
29349 65 22
29358 34 11
29365 70 4
29377 2 26
29386 0 5
29401 57 1
29404 29 15
29417 12 20
29421 56 24
29424 28 17
29438 55 4
29456 18 11
29473 64 6
29475 62 23
29492 18 13
29496 93 3
29503 96 6
29505 62 15
29508 9 23
29527 70 24
29544 21 28
29563 34 6
29579 43 28
29591 7 13
29605 45 23
29610 24 16
29616 98 14
29632 98 20
29645 5 16
29655 25 8
29659 90 4
29665 30 2
29678 58 10
29697 43 5
29703 31 3
29703 9 2
29713 47 6
29715 13 15
29726 21 9
29728 74 27
29734 3 21
29745 61 15
29763 34 25
29772 3 9
29772 50 16
29773 70 25
29775 93 10
29783 69 0
29798 10 14
29802 30 17
29817 91 6
29828 52 25
29842 59 1
29847 98 23
29848 69 19
29848 43 14
29853 37 20
29864 90 6
29874 1 9
29891 49 19
29903 94 12
29911 50 19
29922 47 26
29927 95 16
29934 25 21
29953 10 13
29966 9 16
29979 10 7
29995 81 8
30012 72 22
30021 35 21
30033 38 22
30040 34 4
30050 1 13
30057 19 0
30074 70 9
30076 76 27
30086 56 13
30102 37 16
30108 27 26
30127 64 4
30146 73 8
30165 60 24
30176 66 25
30195 89 13
30197 34 9
30208 53 14
30221 47 12
30232 5 7
30245 19 19
30264 13 1
30273 38 4
30280 40 22
30280 75 25
30291 2 23
30306 38 6
30311 83 20
30329 23 4
30334 25 28
30352 58 6
30367 94 27
30370 6 4
30387 4 14
30400 33 28
30406 68 15
30414 94 22
30416 84 24
30416 42 8
30424 61 26
30431 66 0
30446 95 9
30463 77 26
30478 82 10
30497 18 28
30514 0 3
30531 55 13
30543 77 19
30560 87 3
30567 98 10
30570 64 11
30577 20 11
30581 79 4
30582 85 19
30597 32 25
30601 53 27
30604 98 9
30612 14 17
30627 1 19
30644 8 25
30659 14 26
30676 30 2
30681 93 9
30694 20 12
30710 98 22
30728 20 23
30737 42 24
30749 41 21
30750 40 13
30768 38 24
30784 78 7
30803 94 18
30817 92 19
30833 92 3
30844 60 11
30862 28 20
30867 82 0
30879 47 24
30892 0 26
30898 21 20
30898 41 6
30913 8 27
30917 60 1
30922 33 6
30930 53 8
30939 72 5
30957 15 20
30974 73 25
30983 3 11
30984 10 10
30986 82 24
30999 10 28
31018 15 25
31034 0 26
31035 87 6
31037 14 21
31039 5 2
31056 22 17
31067 30 0
31080 78 24
31097 33 28
31114 71 11
31127 84 27
31132 45 15
31133 33 3
31136 13 19
31153 9 15
31165 35 23
31180 21 2
31181 82 22
31192 90 19
31192 11 6
31203 57 2
31217 23 22
31219 55 6
31225 18 24
31229 74 16
31242 31 3
31254 55 10
31269 38 10
31276 77 19
31286 6 11
31290 25 28
31304 53 9
31308 37 2
31324 0 1
31329 73 8
31331 18 13
31334 58 27
31347 39 26
31361 2 0
31380 19 27
31398 70 13
31402 2 22
31421 77 26
31426 59 10
31426 39 16
31433 74 14
31436 66 13
31452 83 7
31458 2 16
31462 89 10
31463 16 13
31469 90 27
31479 8 26
31492 69 7
31498 57 24
31508 15 21
31513 24 26
31513 51 27
31527 42 7
31531 89 19
31543 56 11
31543 33 15
31548 50 5
31555 12 20
31559 30 16
31562 69 2
31581 77 23
31583 94 3
31592 89 15
31606 21 8
31611 12 12
31628 41 9
31637 91 21
31644 72 3
31662 77 12
31674 36 12
31682 26 6
31700 63 9
31716 53 22
31729 34 1
31735 50 27
31753 5 23
31761 15 17
31763 67 26
31771 29 0
31777 73 24
31783 16 0
31802 68 14
31821 86 21
31831 92 24
31843 41 11
31859 28 20
31878 72 6
31879 8 16
31895 44 23
31907 78 24
31912 38 21
31930 96 2
31946 55 11
31957 21 14
31976 47 13
31983 41 17
32001 3 15
32019 25 4
32029 16 0
32038 15 26
32038 82 9
32049 76 23
32049 48 21
32059 37 27
32066 96 4
32073 9 11
32087 73 4
32104 22 2
32105 37 24
32114 96 26
32122 2 17
32126 40 15
32144 17 27
32159 63 13
32161 0 19
32171 3 11
32189 10 22
32193 43 8
32203 45 13
32217 62 16
32227 89 19
32227 48 8
32243 79 16
32250 46 15
32268 72 13
32276 57 22
32293 88 11
32312 72 18
32318 80 5
32321 80 14
32328 28 18
32340 98 18
32357 0 18
32362 71 0
32369 68 8
32387 46 6
32399 87 16
32413 98 5
32425 10 7
32431 79 28
32434 26 22
32436 43 0
32446 48 22
32460 70 21
32477 52 15
32495 38 6
32513 31 28
32528 55 0
32547 77 13
32554 31 27
32558 28 20
32570 1 25
32570 80 22
32573 52 13
32589 38 20
32596 51 27
32596 4 4
32607 37 0
32613 3 10
32618 92 21
32621 45 12
32634 52 12
32651 54 16
32669 95 21
32675 42 14
32682 85 7
32698 95 23
32701 22 16
32704 34 0
32708 44 27
32722 42 5
32739 61 0
32752 37 26
32762 31 25
32778 4 7
32789 19 2
32798 76 20
32811 42 26
32825 79 3
32838 92 13
32853 71 8
32857 39 14
32873 18 5
32880 37 10
32898 27 23
32904 72 18
32905 75 10
32915 13 3
32934 67 4
32944 67 15
32962 63 23
32980 61 0
32985 87 20
32999 47 2
33001 96 17
33014 98 7
33017 53 27
33021 9 9
33030 23 19
33048 76 11
33064 40 5
33076 48 18
33088 27 21
33099 19 25
33113 72 23
33114 82 27
33115 65 15
33115 96 9
33130 83 22
33140 43 17
33140 19 9
33141 89 22
33149 2 26
33151 48 25
33156 69 11
33163 55 18
33172 21 0
33175 71 14
33183 97 21
33190 83 8
33192 6 9
33194 46 13
33208 35 24
33219 60 26
33232 16 8
33241 19 26
33242 83 3
33250 75 24
33254 40 23
33255 7 10
33261 80 3
33261 98 6
33267 21 3
33282 1 0
33299 50 26
33307 29 8
33319 27 14
33330 71 4
33335 94 24
33354 42 16
33373 28 11
33383 48 7
33387 90 22
33394 17 20
33400 31 21
33414 96 21
33427 11 22
33438 82 15
33442 13 22
33454 20 12
33473 15 24
33483 14 23
33491 42 22
33499 86 0
33508 63 10
33522 67 27
33525 9 5
33537 82 2
33550 85 4
33555 35 6
33563 28 26
33581 9 25
33581 54 1
33593 83 14
33600 32 21
33617 64 5
33629 17 18
33631 40 19
33637 59 0
33639 18 17
33640 35 15
33640 53 0
33659 77 18
33673 32 13
33677 15 14
33696 47 20
33707 16 8
33720 88 15
33735 60 16
33754 22 13
33756 55 2
33756 5 19
33766 92 7
33767 41 22
33768 38 19
33774 16 21
33780 19 13
33791 38 9
33810 30 0
33819 81 9
33825 5 12
33827 59 6
33834 7 10
33846 57 16
33853 54 24
33869 36 21
33880 8 3
33893 96 27
33905 56 19
33919 60 3
33927 92 19
33930 4 3
33940 78 23
33959 78 17
33975 77 27
33990 86 1
33995 73 16
33998 54 26
34017 44 17
34026 30 11
34043 56 21
34046 52 23
34057 60 5
34061 67 19
34070 81 19
34084 33 16
34091 3 22
34100 14 4
34112 75 14
34125 10 13
34143 88 0
34159 60 24
34178 97 19
34184 58 28
34203 98 5
34222 73 20
34234 71 6
34249 9 17
34268 5 23
34271 71 12
34283 62 16
34297 0 3
34300 53 18
34301 78 21
34320 86 12
34333 7 25
34335 62 25
34344 46 17
34352 43 21
34356 98 23
34366 97 27
34376 14 19
34391 19 21
34402 34 6
34412 62 13
34425 25 0
34426 20 24
34435 78 22
34448 91 26
34450 93 18
34450 52 6
34458 91 26
34467 84 14
34469 87 23
34475 5 6
34477 88 1
34486 36 22
34490 83 0
34497 94 21
34508 3 28
34518 77 12
34526 1 8
34544 51 1
34557 82 1
34559 12 3
34574 51 20
34581 68 3
34593 43 10
34600 38 5
34603 14 25
34613 63 2
34622 20 2
34623 32 7
34623 70 16
34630 15 2
34634 68 15
34652 50 20
34671 76 13
34685 29 23
34698 13 22
34711 60 18
34719 51 21
34723 5 6
34736 80 21
34752 82 6
34767 29 24
34780 49 14
34783 67 10
34800 23 14
34813 96 15
34815 34 18
34833 50 23
34852 97 19
34861 57 10
34870 74 18
34882 85 10
34901 5 0
34909 13 15
34915 71 7
34923 61 9
34931 43 23
34938 89 25
34947 63 23
34953 72 12
34961 5 10
34975 18 24
34994 96 6
34999 4 22
35005 66 26
35013 40 17
35026 95 25
35031 61 17
35050 87 15
35068 41 9
35070 16 5
35077 38 6
35091 24 11
35102 39 18
35102 18 8
35119 24 5
35136 47 26
35149 81 20
35162 57 28
35175 33 8
35180 31 21
35197 77 19
35200 27 16
35212 85 3
35227 80 17
35243 16 15
35252 24 27
35255 27 15
35265 83 2
35266 78 12
35284 85 14
35288 30 21
35300 13 19
35311 81 26
35326 88 9
35344 65 22
35355 38 5
35359 63 8
35367 58 28
35369 63 7
35374 63 1
35392 71 27
35395 33 10
35413 55 16
35419 45 4
35422 96 20
35439 74 23
35450 8 11
35453 87 24
35466 42 13
35469 6 2
35480 92 8
35488 28 5
35490 89 26
35495 51 4
35501 77 3
35510 20 15
35523 3 19
35539 38 28
35542 43 14
35557 60 9
35562 13 28
35579 72 13
35589 54 16
35595 73 1
35611 54 8
35630 11 16
35649 39 20
35649 50 15
35661 6 9
35668 39 19
35676 2 26
35686 3 6
35686 51 23
35695 84 21
35704 82 9
35710 69 25
35710 18 24
35713 22 24
35719 28 6
35722 57 11
35738 21 0
35742 3 7
35748 53 17
35749 39 4
35761 15 5
35762 24 14
35766 72 5
35771 80 2
35774 21 18
35776 73 10
35779 19 5
35797 21 14
35800 18 15
35804 67 8
35818 52 3
35833 11 18
35843 89 21
35861 40 19
35863 91 13
35876 17 21
35891 0 4
35900 39 2
35900 0 9
35907 22 3
35913 92 4
35918 52 25
35927 98 16
35933 57 21
35949 46 1
35950 42 21
35953 73 12
35966 21 27
35979 42 2
35992 43 24
35995 64 18
36011 89 3
36011 81 6
36024 89 9
36036 34 18
36050 46 4
36053 7 23
36060 71 4
36061 12 27
36064 56 16
36065 10 8
36081 24 24
36081 95 15
36087 43 25
36096 16 5
36109 14 25
36124 24 21
36143 47 28
36154 49 11
36167 31 26
36184 44 25
36193 96 16
36198 7 25
36204 62 3
36207 75 11
36215 21 23
36226 20 21
36230 0 1
36240 49 15
36243 28 22
36243 4 7
36249 49 22
36258 80 9
36259 14 4
36275 63 15
36286 49 8
36305 66 1
36318 19 5
36323 85 16
36338 34 1
36355 12 18
36373 48 10
36391 40 1
36402 67 17
36419 52 6
36424 26 25
36440 98 20
36443 23 26
36446 47 2
36460 88 26
36467 45 14
36471 2 9
36484 18 11
36486 34 8
36492 11 2
36494 3 1
36499 98 13
36513 48 11
36516 34 21
36534 69 6
36550 4 18
36569 89 7
36585 89 23
36599 23 12
36617 30 9
36627 78 26
36641 92 8
36646 7 14
36662 97 4
36681 56 17
36698 84 0
36705 67 18
36719 6 27
36736 32 11
36736 74 0
36755 79 23
36758 61 2
36769 56 24
36783 92 1
36791 7 14
36808 55 22
36821 24 5
36823 62 13
36835 56 15
36848 27 18
36849 97 3
36859 0 8
36876 44 18
36895 17 25
36903 11 9
36918 56 24
36936 14 6
36946 22 26
36949 34 12
36963 12 24
36980 26 14
36992 30 20
36998 87 20
37011 30 22
37029 2 27
37029 39 13
37038 50 1
37044 61 13
37049 23 15
37062 52 9
37072 34 11
37089 81 19
37101 77 6
37115 19 20
37126 11 22
37126 23 26
37138 18 16
37154 37 3
37156 70 4
37163 56 9
37178 88 6
37191 95 6
37195 52 3
37203 81 20
37207 18 14
37224 75 11
37230 55 19
37237 21 26
37249 39 21
37255 94 21
37272 56 0
37275 20 9
37279 82 28
37298 73 2
37312 12 17
37329 53 22
37331 13 1
37348 16 3
37357 49 0
37357 59 14
37368 19 7
37387 16 0
37398 6 0
37401 19 24
37410 89 27
37423 59 25
37438 83 3
37449 15 27
37459 64 20
37463 49 19
37470 16 11
37480 44 18
37483 25 17
37501 59 23
37513 53 8
37530 71 20
37534 14 23
37553 78 10
37563 62 5
37577 86 0
37578 95 19
37594 88 7
37602 85 15
37610 50 28
37619 88 19
37630 19 4
37631 24 21
37638 21 6
37643 24 14
37651 88 6
37656 16 15
37675 17 11
37682 79 23
37689 47 21
37692 24 2
37699 17 10
37717 48 19
37729 30 17
37748 24 28
37759 33 10
37768 90 28
37769 1 28
37772 80 13
37784 90 23
37798 95 21
37798 92 5
37803 35 5
37811 86 20
37812 79 1
37827 14 4
37831 63 14
37836 79 1
37836 11 25
37838 63 0
37848 8 19
37867 62 22
37881 81 7
37886 28 7
37894 51 22
37904 90 10
37909 48 15
37924 73 7
37935 49 6
37951 4 14
37965 3 23
37972 41 18
37973 16 10
37981 79 10
37996 63 14
38011 31 3
38024 40 28
38032 44 13
38039 94 23
38043 47 19
38049 56 15
38051 24 8
38069 89 6
38073 84 9
38076 83 10
38092 68 18
38100 80 13
38118 9 11
38136 62 21
38153 68 16
38165 28 14
38165 87 0
38169 2 14
38181 86 2
38193 46 21
38211 54 0
38227 23 25
38233 19 14
38246 14 27
38251 1 26
38266 85 4
38270 14 7
38288 43 6
38305 66 23
38317 16 15
38331 24 20
38348 65 12
38362 4 11
38368 48 12
38381 63 8
38381 41 7
38394 21 22
38399 41 11
38412 78 12
38418 65 24
38426 85 5
38438 55 3
38445 38 12
38456 31 18
38462 15 26
38467 70 2
38474 71 4
38482 65 8
38487 93 10
38502 63 14
38517 55 20
38518 51 1
38527 52 13
38539 17 4
38541 35 6
38543 66 23
38546 35 28
38551 61 12
38563 49 22
38564 63 18
38579 95 23
38589 64 12
38604 78 11
38615 39 23
38628 35 8
38628 71 17
38635 52 20
38636 28 26
38653 69 5
38657 9 4
38670 88 16
38672 70 19
38679 60 19
38693 1 10
38712 13 27
38721 31 23
38724 98 3
38732 40 15
38746 93 13
38759 11 7
38763 66 2
38764 20 5
38775 66 3
38786 42 15
38791 73 26
38801 57 19
38809 2 26
38810 60 20
38817 35 12
38827 84 25
38829 39 3
38841 32 12
38854 3 0
38856 78 18
38860 82 22
38878 36 25
38879 42 25
38891 27 3
38896 4 5
38905 59 25
38920 54 10
38934 1 28
38941 7 0
38956 55 19
38965 10 4
38969 71 4
38976 53 6
38980 91 3
38984 32 13
38999 64 2
39003 92 25
39019 36 7
39023 67 24
39042 45 24
39044 96 0
39059 74 27
39068 87 8
39077 3 25
39091 98 15
39098 87 20
39114 47 16
39128 75 15
39139 94 3
39142 10 1
39150 93 8
39169 93 2
39180 80 3
39199 71 23
39212 82 23
39219 2 28
39223 48 12
39240 69 11
39246 20 28
39249 94 11
39267 50 0
39286 90 20
39288 30 20
39288 11 23
39303 10 9
39322 9 28
39327 22 21
39327 85 21
39330 18 3
39347 98 16
39365 87 25
39365 34 28
39384 36 23
39399 79 27
39403 93 7
39421 26 11
39436 40 7
39445 14 10
39452 41 12
39455 77 23
39470 72 25
39479 98 28
39485 41 0
39501 89 6
39510 97 6
39514 85 0
39526 75 11
39541 46 4
39554 17 5
39565 58 0
39579 85 11
39584 19 27
39586 54 1
39603 48 23
39620 67 2
39620 22 20
39632 83 5
39640 90 14
39649 91 21
39656 44 4
39671 78 11
39671 65 21
39675 50 8
39685 45 21
39695 66 20
39714 51 11
39731 58 19
39732 95 11
39737 14 5
39754 87 3
39768 33 9
39775 71 23
39790 25 3
39795 48 7
39803 69 13
39809 8 0
39828 75 6
39841 83 22
39854 51 16
39869 47 23
39869 37 9
39874 90 19
39877 22 28
39888 74 25
39901 60 17
39906 55 11
39923 39 15
39939 56 26
39955 62 6
39971 11 23
39974 14 0
39974 64 17
39988 40 12
39990 94 2
39991 89 1
40008 54 6
40026 86 16
40031 61 17
40035 5 1
40044 58 22
40052 33 23
40059 56 11
40071 28 3
40071 12 6
40080 0 25
40083 74 20
40098 34 25
40108 86 28
40113 75 19
40131 1 3
40147 27 19
40159 49 28
40160 84 10
40174 3 12
40181 94 16
40183 50 14
40201 30 24
40209 91 15
40216 67 2
40223 77 27
40232 30 27
40241 82 12
40246 98 0
40249 56 17
40251 68 18
40270 50 2
40286 43 28
40294 52 15
40304 27 11
40317 85 27
40325 66 11
40335 48 15
40343 80 10
40360 43 28
40363 17 7
40374 95 10
40376 39 10
40379 40 9
40383 96 1
40385 30 14
40395 84 23
40397 1 20
40411 98 27
40412 4 11
40413 44 17
40423 50 28
40435 50 26
40450 86 14
40463 44 14
40464 54 6
40464 53 12
40472 21 11
40489 24 14
40497 1 27
40511 69 18
40523 41 22
40536 90 13
40544 36 1
40545 2 14
40559 83 22
40570 85 22
40577 18 6
40584 53 3
40602 28 22
40619 7 7
40623 26 7
40638 51 17
40638 6 8
40645 0 13
40664 88 19
40666 59 26
40668 67 25
40674 76 14
40680 34 6
40692 39 7
40694 35 20
40696 61 6
40701 61 12
40708 41 27
40710 21 22
40729 56 21
40746 86 25
40762 3 18
40762 4 14
40773 10 11
40787 31 22
40803 37 3
40822 16 16
40833 9 2
40845 98 3
40852 21 10
40865 71 0
40875 72 2
40878 38 24
40896 2 28
40914 26 17
40920 96 26
40932 81 12
40949 52 24
40965 41 23
40984 64 23
41001 15 17
41005 83 25
41021 37 27
41025 24 12
41041 74 9
41052 45 8
41056 84 3
41065 12 11
41065 50 19
41078 9 19
41081 62 19
41094 83 12
41111 18 16
41114 61 18
41128 83 2
41140 21 13
41151 71 7
41167 43 6
41175 94 26
41192 13 7
41197 24 19
41215 79 12
41219 27 1
41224 64 8
41227 78 3
41229 14 5
41231 47 17
41246 77 16
41247 6 27
41251 67 22
41270 25 3
41279 50 28
41289 56 2
41293 52 12
41295 85 21
41309 8 22
41318 69 24
41324 32 9
41332 25 20
41351 26 25
41353 31 4
41354 45 28
41366 80 6
41384 48 15
41397 62 25
41409 86 13
41424 84 27
41441 29 24
41456 20 6
41458 7 28
41477 19 27
41480 88 14
41494 26 17
41501 51 2
41510 49 21
41516 51 10
41526 89 1
41539 83 12
41546 6 2
41553 3 16
41571 68 27
41576 38 2
41591 38 10
41604 62 1
41622 58 17
41627 47 19
41634 43 28
41643 35 20
41649 61 1
41664 29 1
41678 87 23
41694 27 1
41701 68 7
41713 68 5
41717 34 21
41734 97 8
41748 8 6
41754 32 22
41762 23 12
41762 7 26
41770 49 14
41786 75 0
41804 66 20
41822 85 5
41841 60 25
41842 32 14
41852 30 1
41865 45 16
41871 70 16
41873 23 21
41889 37 28
41902 83 17
41920 65 25
41931 64 18
41946 35 28
41961 62 19
41961 83 4
41971 93 9
41973 71 27
41973 58 28
41984 45 18
42001 87 12
42017 1 16
42026 19 1
42034 48 7
42053 51 5
42056 55 26
42063 84 6
42073 60 8
42080 36 24
42094 26 6
42109 55 22
42112 19 19
42128 26 19
42130 52 18
42138 10 16
42149 56 4
42164 60 27
42165 49 15
42178 48 15
42194 0 2
42213 64 24
42214 85 13
42224 77 10
42229 68 17
42234 2 17
42246 49 28
42259 30 28
42267 67 3
42277 29 18
42278 61 16
42284 72 5
42285 27 25
42293 97 8
42306 2 17
42324 15 14
42342 53 7
42360 77 13
42368 22 25
42373 30 24
42376 22 5
42394 9 27
42412 67 24
42424 8 1
42429 18 28
42444 66 23
42462 66 12
42468 18 11
42483 46 1
42488 52 10
42503 25 19
42521 1 4
42522 73 20
42531 25 18
42541 45 24
42560 31 13
42567 75 5
42585 78 12
42602 50 0
42608 24 13
42626 54 8
42641 34 0
42644 61 1
42659 22 12
42671 19 26
42680 1 5
42697 72 3
42700 86 2
42701 75 0
42712 35 14
42723 47 8
42736 41 26
42748 89 20
42753 17 3
42768 12 19
42768 62 2
42781 22 26
42792 92 14
42807 11 24
42821 59 2
42838 58 17
42849 18 24
42862 35 11
42868 57 6
42869 86 28
42874 47 28
42876 15 23
42892 95 24
42900 9 22
42907 6 0
42916 62 2
42927 98 11
42945 42 13
42957 59 4
42972 85 25
42978 43 4
42988 78 6
42998 55 26
43000 16 10
43007 53 26
43017 55 6
43032 55 11
43034 62 15
43048 61 0
43063 57 4
43074 56 27
43074 22 16
43089 15 8
43090 93 25
43102 91 7
43107 81 4
43116 3 22
43135 92 22
43146 8 7
43152 87 10
43167 80 23
43175 34 20
43182 71 2
43187 26 6
43196 61 13
43203 70 4
43215 53 1
43224 41 26
43243 22 8
43255 68 19
43266 10 22
43272 49 15
43291 55 22
43297 23 4
43313 66 9
43332 10 8
43344 84 7
43347 88 28
43365 12 27
43383 27 17
43388 13 15
43398 54 3
43413 28 3
43421 95 24
43424 45 27
43433 93 10
43437 31 8
43447 40 23
43449 18 18
43455 18 5
43465 84 5
43484 56 14
43501 12 28
43517 36 9
43524 84 5
43535 88 20
43540 59 17
43543 47 6
43560 87 5
43574 63 7
43583 12 0
43592 20 2
43608 68 14
43623 72 23
43626 35 5
43641 88 8
43654 1 9
43658 8 6
43667 85 15
43686 28 6
43690 2 8
43706 3 19
43723 49 20
43740 33 22
43743 15 11
43757 26 3
43765 64 18
43773 98 2
43779 17 24
43781 30 22
43787 36 9
43793 14 23
43804 97 6
43814 98 24
43819 22 15
43838 0 4
43855 55 18
43855 15 2
43857 62 8
43858 87 8
43863 96 22
43869 63 24
43887 54 9
43894 9 28
43896 5 0
43912 23 8
43913 46 8
43922 47 23
43924 91 18
43926 64 18
43935 4 27
43942 15 7
43959 74 26
43970 1 18
43974 29 27
43991 6 23
44008 80 21
44021 33 12
44032 95 8
44043 27 26
44050 15 28
44068 23 10
44076 62 0
44083 25 0
44095 1 27
44097 59 18
44102 67 4
44104 41 10
44108 34 24
44110 29 24
44121 60 2
44139 93 26
44144 93 0
44161 61 14
44175 7 14
44180 60 27
44198 66 11
44206 62 17
44207 41 1
44213 51 7
44229 56 22
44231 91 28
44243 29 21
44249 48 7
44251 32 16
44256 30 0
44262 19 21
44270 68 7
44286 85 20
44299 65 24
44318 28 9
44325 60 26
44333 7 1
44337 46 14
44342 68 28
44355 43 12
44359 92 2
44372 43 1
44387 93 0
44394 61 5
44396 86 16
44412 32 10
44423 32 2
44441 85 1
44450 73 4
44457 87 2
44467 96 16
44478 76 16
44489 28 1
44508 4 6
44514 13 26
44516 28 4
44527 39 13
44534 69 10
44549 89 12
44562 32 11
44567 5 19
44579 93 19
44584 1 25
44586 95 28
44599 26 10
44608 49 18
44617 83 2
44633 26 19
44643 1 26
44644 80 23
44655 19 21
44673 37 18
44682 81 12
44686 68 0
44705 62 25
44709 91 1
44719 24 6
44728 37 16
44733 21 8
44734 86 14
44751 69 2
44754 17 25
44773 70 4
44779 50 27
44781 73 14
44798 75 23
44802 28 6
44805 91 28
44808 70 4
44820 0 26
44835 74 19
44838 60 17
44849 2 1
44860 19 1
44879 90 2
44881 38 7
44895 67 23
44913 91 0
44925 75 16
44930 66 12
44948 74 1
44951 3 14
44961 19 23
44979 47 1
44985 38 14
44996 38 18
45004 30 6
45018 7 14
45025 75 18
45032 56 11
45043 73 2
45060 47 7
45067 48 14
45070 8 12
45082 86 4
45082 88 15
45101 59 20
45111 6 0
45114 42 2
45125 62 24
45137 7 27
45150 30 12
45160 94 16
45163 0 1
45170 74 5
45181 38 15
45193 24 4
45207 84 2
45212 70 9
45225 6 13
45234 83 11
45246 83 15
45255 27 2
45269 74 23
45277 70 21
45290 80 18
45291 84 9
45310 44 27
45317 88 21
45330 62 1
45343 59 11
45351 96 17
45369 83 1
45386 91 9
45388 95 17
45396 15 27
45403 54 7
45406 0 1
45424 64 17
45429 5 1
45446 0 11
45448 74 21
45460 81 28
45469 74 23
45478 60 14
45478 8 26
45480 43 26
45486 13 12
45491 43 14
45501 23 9
45509 15 2
45515 89 8
45522 20 6
45531 57 25
45531 17 16
45549 55 21
45557 43 5
45562 29 27
45571 89 27
45579 35 23
45585 44 3
45589 4 10
45597 82 28
45607 89 8
45622 27 0
45626 52 12
45634 27 16
45646 51 17
45663 69 17
45673 98 14
45683 52 5
45685 36 18
45685 65 21
45702 25 8
45715 91 3
45728 72 1
45733 10 17
45746 74 15
45754 62 27
45755 43 1
45757 23 24
45765 94 7
45769 83 20
45786 86 4
45790 41 11
45807 17 12
45815 73 26
45826 69 12
45836 95 4
45849 17 12
45853 35 21
45870 23 11
45871 96 6
45881 27 14
45893 49 25
45900 97 20
45902 66 11
45913 50 1
45913 16 15
45915 98 19
45927 11 15
45939 33 8
45951 53 3
45968 34 0
45973 59 7
45973 63 21
45973 71 18
45986 40 22
45992 42 26
46008 11 3
46022 42 19
46025 94 24
46028 66 11
46044 13 6
46058 32 20
46070 11 5
46074 2 20
46086 64 5
46096 5 1
46103 29 17
46121 36 19
46133 15 4
46143 89 26
46161 27 0
46165 11 23
46168 25 27
46180 55 22
46197 4 5
46208 21 20
46218 2 19
46229 7 22
46247 61 11
46247 71 2
46262 22 18
46279 2 24
46287 45 7
46305 86 11
46306 57 18
46321 0 28
46332 12 25
46346 74 14
46360 91 6
46378 89 7
46394 84 23
46402 69 8
46417 17 28
46430 30 20
46434 55 8
46439 14 25
46458 15 16
46476 94 12
46495 14 16
46500 64 7
46512 53 28
46513 89 17
46521 82 25
46526 43 6
46537 80 12
46549 81 26
46558 2 5
46563 72 4
46564 11 7
46572 87 16
46584 59 18
46603 48 14
46608 69 18
46613 31 5
46613 89 12
46632 16 8
46650 76 18
46666 56 3
46676 76 2
46677 27 21
46693 88 10
46698 72 26
46706 14 6
46710 92 8
46711 8 23
46714 68 11
46729 71 2
46729 85 10
46747 5 5
46748 67 7
46749 54 8
46757 80 11
46768 1 22
46774 53 23
46777 19 14
46793 86 1
46808 42 1
46824 41 6
46839 93 5
46848 27 13
46850 57 25
46853 83 16
46853 34 25
46854 66 19
46855 76 11
46867 54 26
46869 53 26
46886 55 19
46892 90 15
46909 7 21
46927 87 5
46931 87 23
46949 39 1
46957 40 5
46973 48 14
46980 52 12
46980 75 5
46982 98 19
46985 85 11
46993 41 28
47001 63 1
47007 8 9
47012 77 14
47027 33 17
47045 95 6
47056 68 26
47069 63 26
47083 51 3
47096 34 25
47107 70 23
47109 79 18
47120 77 4
47138 80 10
47145 58 16
47147 93 8
47155 28 4
47164 59 19
47168 81 6
47182 88 20
47190 55 18
47193 37 6
47208 68 26
47216 53 13
47225 35 25
47226 82 26
47245 80 5
47248 27 13
47248 61 6
47256 38 2
47266 93 10
47280 51 3
47282 4 4
47300 48 22
47316 31 0
47321 89 18
47326 61 11
47330 58 15
47349 95 11
47367 20 19
47382 72 28
47382 33 22
47395 35 20
47402 19 1
47402 65 6
47418 54 25
47424 87 23
47437 27 22
47451 63 10
47461 15 14
47474 85 1
47484 34 8
47497 85 5
47505 61 12
47507 0 18
47508 19 6
47526 68 3
47537 70 10
47555 3 10
47572 97 26
47588 63 7
47592 46 6
47592 53 2
47602 72 25
47606 56 23
47625 31 4
47626 82 5
47627 67 13
47641 59 26
47650 13 7
47664 44 10
47673 87 1
47689 28 10
47691 83 20
47697 56 13
47708 16 28
47720 32 23
47726 49 22
47745 4 24
47757 61 27
47764 62 18
47774 86 8
47792 92 13
47803 23 18
47816 18 4
47822 54 9
47837 95 13
47837 3 1
47842 92 19
47854 81 15
47870 64 9
47883 23 16
47902 19 5
47909 83 20
47911 64 28
47920 16 21
47933 44 23
47948 65 19
47962 46 14
47969 89 2
47980 52 21
47982 80 3
47983 52 11
47995 78 20
47999 17 8
48013 90 4
48014 94 20
48030 7 14
48041 61 8
48041 33 2
48048 4 12
48056 58 2
48066 11 25
48072 74 14
48087 14 14
48098 13 15
48105 65 6
48108 44 27
48113 21 0
48123 5 17
48129 31 18
48132 33 6
48143 26 8
48152 95 15
48155 11 24
48155 53 4
48170 80 22
48172 69 25
48172 76 21
48173 88 2
48174 21 16
48183 10 6
48202 92 5
48202 34 7
48205 74 2
48210 54 16
48215 2 17
48221 54 20
48229 61 5
48238 35 16
48252 52 13
48260 35 15
48277 83 12
48288 47 20
48305 48 17
48321 44 1
48334 73 22
48336 45 11
48340 4 6
48359 81 8
48368 96 15
48374 53 18
48387 45 8
48392 11 20
48409 52 6
48422 15 9
48424 67 14
48429 67 7
48431 46 0
48446 38 24
48459 82 28
48460 15 15
48475 11 24
48483 27 21
48502 69 11
48502 71 7
48507 52 17
48520 21 2
48527 34 0
48539 48 23
48549 41 9
48568 76 20
48578 7 10
48587 60 14
48604 36 21
48611 33 6
48614 93 21
48617 20 15
48619 35 23
48622 64 23
48623 54 13
48638 38 6
48652 9 20
48668 8 14
48671 38 11
48679 8 25
48698 74 23
48702 90 4
48707 17 28
48722 76 0
48722 32 26
48722 49 7
48735 82 19
48745 1 25
48756 10 6
48775 65 14
48783 42 17
48784 45 20
48785 38 11
48792 25 10
48811 61 5
48815 64 17
48815 88 23
48828 2 15
48840 74 0
48843 84 0
48860 95 22
48861 73 5
48880 98 9
48899 50 23
48918 19 6
48920 64 6
48924 27 6
48926 74 9
48942 15 17
48945 20 20
48960 54 28
48960 7 24
48963 17 16
48978 51 0
48995 34 27
49006 1 4
49021 16 9
49036 83 0
49036 98 28
49045 52 17
49057 25 16
49065 13 3
49083 36 9
49097 3 0
49116 23 2
49130 27 0
49147 31 16
49149 73 3
49154 57 19
49162 93 6
49165 64 2
49176 88 0
49184 96 12
49184 4 19
49190 49 22
49205 74 0
49222 72 6
49226 31 16
49232 90 13
49236 49 1
49250 12 3
49250 28 7
49265 48 0
49279 84 17
49296 85 13
49300 93 28
49304 32 21
49321 62 6
49334 47 16
49344 80 1
49344 71 12
49349 86 15
49354 12 10
49360 11 10
49377 55 22
49389 76 16
49397 16 18
49412 82 21
49422 94 15
49431 14 24
49438 75 5
49440 25 17
49450 37 15
49466 27 22
49470 35 23
49486 94 22
49492 42 24
49493 19 19
49501 47 23
49506 72 21
49522 23 25
49526 23 8
49530 57 26
49536 52 2
49536 76 25
49539 65 21
49557 1 23
49557 53 1
49559 37 20
49567 66 19
49572 96 15
49576 68 0
49593 75 18
49606 78 26
49620 1 6
49626 2 20
49632 49 9
49640 5 12
49648 44 6
49660 63 22
49674 49 7
49684 91 26
49693 78 19
49705 98 1
49711 14 0
49716 14 16
49730 43 11
49745 50 9
49764 24 5
49766 29 8
49779 0 17
49789 12 3
49791 22 20
49798 66 27
49817 4 26
49819 32 20
49823 95 21
49840 34 17
49840 44 6
49853 40 16
49864 10 3
49883 4 10
49887 2 28
49898 80 13
49909 80 10
49920 70 28
49929 77 7
49929 73 24
49942 56 5
49954 86 16
49965 13 14
49968 30 9
49984 73 4
49991 46 5
50010 24 20
50023 29 11
50026 3 6
50026 20 27
50037 58 14
50037 71 15
50048 32 23
50055 1 19
50060 21 15
50078 94 3
50079 16 13
50094 62 28
50097 94 27
50108 74 25
50120 66 27
50126 66 11
50131 12 7
50142 73 19
50157 0 23
50170 31 12
50182 36 28
50195 67 15
50213 43 27
50219 23 7
50228 38 22
50235 89 22
50239 10 18
50244 7 1
50257 22 6
50271 63 22
50274 56 22
50290 89 20
50290 82 21
50293 88 12
50301 45 1
50316 67 18
50324 95 20
50343 2 3
50348 11 2
50356 20 11
50374 11 28
50386 44 11
50401 81 21
50404 25 12
50415 34 10
50422 53 16
50435 73 28
50437 80 17
50443 51 4
50447 10 8
50455 45 6
50467 14 4
50479 51 17
50484 94 10
50492 1 14
50496 87 9
50498 49 21
50498 76 22
50516 83 28
50529 79 20
50540 75 0
50545 24 18
50554 98 16
50565 78 20
50568 23 13
50578 73 4
50579 90 14
50589 98 28
50591 73 18
50601 26 3
50604 50 3
50606 13 4
50610 24 15
50613 78 19
50617 55 5
50629 88 17
50631 69 20
50639 60 8
50654 10 22
50668 67 12
50682 38 8
50687 42 22
50701 87 10
50720 7 7
50736 5 20
50744 16 17
50746 88 8
50760 0 9
50760 53 14
50767 86 13
50783 60 3
50802 92 14
50815 83 16
50817 79 16
50822 35 15
50830 84 11
50840 32 15
50840 91 0
50856 75 9
50867 31 5
50867 71 27
50877 24 28
50891 16 6
50895 7 8
50900 48 10
50916 10 18
50931 25 21
50931 73 3
50948 68 10
50957 34 19
50969 96 8
50981 5 8
50994 18 2
51009 69 11
51020 12 9
51033 75 5
51040 36 16
51045 88 25
51049 74 22
51053 54 25
51065 61 19
51069 48 1
51069 79 4
51074 22 10
51075 25 7
51086 61 24
51100 51 10
51103 85 3
51113 4 3
51120 10 3
51133 70 21
51134 72 18
51145 2 7
51149 92 1
51156 56 9
51175 47 5
51191 27 7
51202 0 20
51208 69 6
51226 43 15
51238 86 18
51247 33 12
51260 8 22
51278 56 19
51295 84 10
51302 2 27
51311 64 9
51314 22 20
51319 40 3
51324 43 20
51332 31 28
51351 26 5
51359 88 15
51375 25 27
51383 76 5
51388 95 22
51403 42 13
51405 22 25
51410 7 24
51427 33 4
51434 69 21
51438 1 28
51439 3 0
51446 90 18
51459 82 8
51467 10 28
51485 36 5
51501 22 22
51518 32 11
51531 42 13
51540 57 17
51552 52 8
51568 73 7
51578 60 8
51581 59 17
51585 57 9
51591 37 25
51592 55 2
51610 10 15
51613 9 24
51632 97 28
51643 49 13
51646 8 15
51646 76 4
51649 4 6
51649 44 1
51655 76 11
51657 95 1
51658 27 22
51666 47 13
51666 20 25
51673 59 13
51673 74 13
51679 97 2
51685 57 10
51696 5 9
51710 85 16
51717 84 1
51722 71 3
51727 33 23
51735 87 26
51736 43 1
51737 23 12
51740 18 23
51753 35 18
51771 57 16
51788 38 26
51795 40 7
51812 79 21
51825 26 24
51844 79 28
51855 90 21
51863 0 2
51877 44 3
51878 21 27
51879 5 26
51892 70 7
51904 91 0
51923 26 10
51930 75 12
51935 27 2
51951 56 3
51954 36 8
51963 71 0
51973 73 20
51983 60 22
51986 96 28
51995 35 20
51997 71 17
51997 91 7
52005 69 0
52006 51 25
52024 51 2
52031 58 15
52043 35 20
52043 42 16
52059 44 24
52064 58 21
52065 41 5
52077 7 13
52096 0 26
52107 12 11
52119 59 27
52129 45 2
52139 51 12
52142 71 19
52144 37 14
52159 92 5
52173 64 18
52180 23 7
52189 92 3
52193 64 11
52202 46 24
52217 86 27
52229 91 10
52239 32 4
52252 47 20
52266 59 5
52280 10 2
52290 11 9
52300 80 17
52314 61 25
52327 58 8
52336 93 2
52336 68 26
52344 14 24
52353 31 5
52365 46 22
52372 59 0
52377 28 9
52394 59 21
52413 60 5
52414 77 11
52424 2 8
52432 45 10
52441 79 20
52454 85 17
52455 39 6
52469 63 28
52488 82 1
52506 45 7
52522 7 7
52531 56 1
52548 53 5
52550 79 18
52555 92 21
52570 31 2
52576 0 21
52586 97 21
52594 75 22
52594 66 5
52604 74 26
52622 69 25
52630 75 8
52640 5 12
52640 70 17
52648 22 24
52661 17 6
52675 82 18
52683 12 28
52696 2 24
52714 45 28
52731 39 26
52749 91 14
52753 97 23
52759 84 25
52765 67 2
52768 9 8
52773 60 23
52785 59 18
52793 2 22
52803 10 18
52821 29 20
52823 22 13
52841 17 14
52847 38 3
52866 89 0
52866 46 10
52885 28 16
52896 96 18
52910 21 8
52922 37 11
52937 93 18
52942 60 12
52961 58 28
52978 87 22
52988 73 27
53006 3 22
53022 94 21
53028 49 5
53044 87 23
53057 21 3
53061 41 18
53069 42 2
53088 45 18
53091 51 26
53106 21 3
53107 76 18
53109 21 13
53109 96 4
53122 66 17
53138 63 21
53145 34 22
53159 56 0
53171 71 10
53173 10 25
53190 61 16
53196 50 6
53196 54 9
53208 10 28
53215 65 5
53228 21 22
53235 6 23
53238 14 8
53252 44 18
53269 59 25
53274 44 1
53275 59 14
53284 18 17
53301 84 28
53310 41 23
53320 15 26
53338 37 23
53342 24 10
53354 17 7
53370 32 12
53375 45 6
53377 81 14
53390 49 26
53398 59 15
53412 50 15
53424 3 12
53437 80 10
53452 2 21
53454 28 11
53461 23 12
53474 52 8
53488 12 9
53497 63 10
53499 46 19
53514 89 19
53514 17 11
53531 92 15
53532 26 26
53551 70 1
53551 61 8
53564 47 12
53567 29 3
53576 26 1
53592 62 8
53600 33 17
53615 15 16
53630 7 13
53638 12 20
53644 27 0
53654 56 2
53664 0 11
53667 43 11
53684 71 17
53687 38 4
53689 58 7
53692 65 11
53708 11 8
53722 37 25
53728 50 11
53740 63 19
53758 98 4
53764 93 26
53783 21 1
53787 61 9
53795 40 23
53795 46 19
53797 23 4
53799 3 22
53803 27 11
53813 59 14
53817 6 11
53826 86 27
53828 5 2
53828 82 25
53837 39 11
53839 50 24
53846 90 24
53861 50 8
53871 10 12
53889 57 0
53892 40 3
53897 53 25
53897 65 14
53914 49 0
53921 42 9
53940 93 19
53954 95 21
53967 96 4
53972 23 26
53991 90 25
53997 29 1
54013 37 21
54026 90 27
54040 36 18
54044 65 7
54063 40 2
54065 90 12
54069 51 2
54081 63 18
54087 67 3
54097 45 23
54111 98 1
54124 21 14
54131 97 15
54133 33 2
54137 7 22
54149 50 27
54167 73 0
54172 30 18
54186 3 22
54195 84 18
54198 94 1
54199 34 13
54207 17 23
54208 45 24
54225 83 23
54233 54 3
54241 50 24
54253 27 8
54258 1 22
54272 30 25
54282 27 13
54282 6 12
54286 15 16
54290 88 6
54302 37 12
54319 0 11
54322 53 15
54341 30 25
54357 23 27
54365 54 27
54379 92 13
54380 66 10
54395 62 2
54398 5 5
54398 76 10
54412 84 14
54421 5 0
54421 72 11
54440 46 17
54446 73 22
54462 7 22
54472 74 26
54479 54 12
54490 62 19
54493 74 2
54506 84 25
54515 29 5
54533 26 23
54537 61 19
54555 35 22
54559 33 27
54569 9 24
54580 79 6
54585 71 10
54594 86 8
54613 57 5
54615 30 26
54630 24 22
54642 84 23
54643 46 7
54649 59 16
54652 92 13
54663 28 19
54679 22 1
54681 1 9
54700 55 17
54717 75 2
54727 22 14
54743 0 17
54749 33 23
54751 17 5
54760 84 17
54765 77 4
54765 26 12
54767 69 11
54773 8 5
54792 34 20
54798 18 23
54813 58 21
54829 72 26
54831 38 25
54834 65 21
54851 58 14
54869 73 23
54875 70 12
54891 10 11
54906 56 2
54918 35 4
54926 87 14
54935 70 19
54951 43 28
54967 13 16
54968 82 15
54976 52 10
54983 23 23
54994 78 27
55004 64 4
55014 3 7
55016 41 19
55035 79 12
55052 80 23
55060 50 27
55068 58 22
55079 5 23
55079 50 2
55095 7 1
55095 55 13
55104 37 19
55120 38 24
55133 14 17
55138 81 28
55152 86 10
55161 65 21
55179 55 4
55195 67 10
55196 14 21
55205 54 20
55218 36 18
55237 66 26
55255 31 11
55261 0 4
55279 77 20
55286 90 8
55298 13 9
55309 31 0
55322 93 18
55326 33 0
55330 32 26
55330 58 12
55346 18 23
55357 47 19
55359 11 24
55367 17 26
55367 38 27
55378 59 4
55397 71 1
55407 45 14
55416 47 22
55418 67 2
55423 67 1
55440 26 10
55447 38 13
55447 94 21
55455 46 4
55471 33 13
55490 81 3
55490 24 22
55496 68 4
55512 85 27
55514 69 24
55524 4 18
55535 55 8
55554 63 8
55568 27 12
55584 47 2
55603 17 3
55604 53 25
55616 69 27
55621 41 5
55636 43 20
55638 77 16
55653 83 14
55657 15 0
55661 93 22
55671 95 3
55688 1 7
55692 5 27
55695 67 10
55706 47 28
55721 26 17
55730 19 8
55746 87 5
55757 30 19
55775 16 22
55785 72 22
55800 86 26
55806 70 8
55821 43 15
55825 95 10
55834 92 16
55849 23 9
55851 22 4
55864 20 19
55874 75 26
55892 41 15
55907 18 6
55908 23 17
55921 11 1
55927 81 22
55935 26 21
55950 39 18
55962 12 19
55978 14 9
55979 51 7
55998 79 26
56009 19 13
56025 76 12
56029 25 16
56047 59 10
56059 4 17
56077 31 27
56085 7 24
56098 60 21
56107 89 7
56119 42 0
56130 23 3
56135 40 3
56135 84 24
56139 55 17
56140 39 26
56152 44 15
56157 23 17
56170 95 12
56178 38 0
56194 47 4
56202 52 27
56204 24 7
56211 65 20
56222 75 28
56227 52 7
56228 7 8
56231 65 16
56237 37 27
56253 78 12
56271 15 14
56277 48 28
56290 25 23
56309 3 25
56328 80 27
56328 0 2
56338 69 11
56349 37 28
56362 8 7
56365 73 24
56377 24 1
56387 49 3
56400 96 18
56417 27 17
56436 7 25
56442 62 12
56444 93 3
56454 49 24
56463 43 6
56479 66 28
56484 40 22
56491 77 3
56499 31 24
56518 38 23
56522 42 22
56540 76 27
56550 38 17
56560 70 24
56560 92 16
56562 90 11
56578 5 9
56589 43 3
56595 3 6
56604 2 8
56619 62 14
56622 63 22
56633 50 0
56634 17 16
56653 80 15
56671 39 14
56671 40 7
56687 35 23
56691 19 3
56705 96 18
56721 0 9
56733 97 5
56740 22 17
56749 41 24
56759 10 10
56761 67 14
56761 74 1
56764 93 14
56772 51 7
56778 48 24
56790 35 3
56804 21 27
56819 61 11
56828 74 12
56833 43 26
56848 69 11
56863 61 5
56868 68 19
56875 35 11
56888 79 7
56902 61 23
56905 21 2
56910 42 8
56924 13 22
56929 23 10
56935 95 21
56938 29 17
56955 80 2
56972 34 7
56978 2 13
56993 11 4
57003 75 14
57017 95 1
57034 66 25
57051 66 11
57069 32 4
57074 65 20
57088 95 1
57098 15 27
57104 12 14
57109 5 24
57119 24 11
57138 38 4
57155 90 2
57158 78 2
57171 81 6
57183 93 2
57195 49 13
57198 74 11
57202 6 4
57212 60 19
57221 40 5
57238 94 18
57245 97 18
57261 82 12
57277 10 13
57291 66 5
57310 54 14
57318 11 19
57321 23 25
57333 98 7
57336 24 5
57347 65 28
57357 80 4
57361 43 17
57372 63 24
57379 75 17
57388 30 28
57394 92 23
57403 45 24
57404 56 23
57417 26 25
57425 76 9
57443 68 16
57455 56 1
57459 22 13
57467 2 11
57473 34 27
57486 47 10
57496 71 6
57501 35 7
57519 44 26
57523 8 8
57542 37 7
57559 74 21
57564 86 10
57583 59 21
57600 32 0
57611 45 17
57621 36 23
57626 71 2
57630 41 16
57633 40 22
57635 0 22
57652 65 7
57660 1 25
57666 4 20
57672 62 5
57680 12 19
57685 59 18
57701 85 8
57703 77 21
57721 84 22
57727 49 7
57737 39 28
57746 74 16
57759 46 3
57778 87 9
57795 88 21
57811 76 21
57815 28 6
57834 5 19
57846 39 5
57849 79 20
57852 70 12
57858 45 11
57875 80 19
57884 54 25
57893 79 20
57905 47 28
57917 8 4
57929 96 18
57935 48 23
57948 12 15
57964 32 17
57970 7 13
57974 55 3
57975 35 9
57976 48 0
57977 85 2
57990 26 27
57991 0 23
57991 43 8
57995 55 8
58000 62 15
58010 42 20
58014 39 24
58032 71 4
58042 58 25
58058 46 0
58074 4 23
58083 9 2
58093 41 21
58103 76 5
58107 71 6
58119 58 0
58127 62 3
58129 22 4
58130 13 7
58137 37 12
58141 19 25
58160 27 6
58175 44 7
58175 8 15
58189 86 25
58201 45 2
58209 88 8
58215 20 16
58224 54 22
58238 31 11
58254 23 11
58273 60 26
58273 78 2
58275 54 12
58282 25 16
58291 20 2
58301 87 7
58309 93 2
58318 16 8
58333 81 19
58336 47 19
58349 95 26
58350 78 1
58356 2 2
58373 69 27
58391 36 8
58402 47 21
58412 10 25
58427 86 24
58440 26 7
58447 51 28
58451 55 20
58463 54 2
58469 43 6
58478 17 14
58483 7 24
58496 9 23
58504 47 24
58521 21 19
58536 72 20
58541 64 3
58552 14 11
58568 91 18
58581 43 4
58596 14 24
58613 65 8
58622 9 10
58631 67 28
58632 38 19
58639 98 21
58647 11 24
58660 83 2
58670 53 24
58673 40 28
58690 50 14
58694 70 0
58694 88 27
58695 22 20
58710 52 25
58726 79 28
58740 84 4
58754 75 26
58757 97 3
58773 60 14
58774 85 2
58789 46 24
58797 39 27
58799 78 15
58805 94 2
58818 48 14
58824 40 26
58842 1 2
58848 56 12
58850 15 2
58867 55 2
58878 43 22
58882 1 17
58886 25 19
58890 76 13
58905 15 28
58920 35 7
58937 23 26
58942 95 5
58959 44 5
58967 8 14
58974 10 20
58983 72 21
58991 17 22
59001 64 19
59007 11 15
59012 14 9
59019 96 17
59038 54 21
59038 76 8
59049 23 6
59064 79 2
59077 82 4
59085 75 1
59098 30 4
59101 63 9
59104 69 13
59109 49 26
59113 87 19
59126 22 14
59129 67 0
59129 69 27
59132 16 2
59139 88 20
59151 97 22
59163 38 26
59164 11 27
59174 34 26
59186 75 14
59198 15 13
59203 75 21
59212 18 17
59229 58 25
59244 13 28
59254 77 1
59272 36 18
59286 93 15
59303 51 9
59307 13 27
59324 72 3
59325 45 3
59339 27 23
59357 86 19
59370 15 23
59381 32 25
59384 41 19
59397 49 19
59412 34 1
59427 29 16
59427 17 5
59441 13 25
59448 89 20
59450 29 2
59451 89 11
59464 52 19
59466 92 26
59478 43 21
59493 98 18
59502 70 5
59502 26 24
59504 78 2
59510 52 8
59526 40 25
59528 32 10
59543 74 17
59562 74 12
59570 74 10
59579 48 10
59582 2 11
59584 54 11
59594 82 21
59602 59 5
59606 46 23
59625 88 24
59640 48 17
59642 72 18
59649 59 4
59651 52 24
59658 61 14
59670 28 13
59682 0 1
59696 84 2
59698 39 9
59698 74 22
59699 22 9
59701 9 12
59704 50 21
59709 86 18
59713 1 0
59714 15 12
59731 43 20
59745 46 26
59759 65 19
59768 65 24
59770 72 22
59774 59 6
59792 35 18
59794 39 9
59800 38 15
59815 18 26
59815 25 10
59830 60 10
59848 25 2
59851 38 10
59858 37 28
59877 59 23
59889 15 27
59892 68 25
59901 86 24
59916 66 4
59935 40 26
59952 92 3
59959 51 8
59968 28 12
59984 34 2
59988 39 9
60000 73 20
60019 47 10
60020 95 9
60026 32 0
60026 4 1
60026 73 8
60029 59 0
60038 20 7
60049 71 4
60060 27 7
60073 8 20
60091 68 25
60091 91 17
60095 39 12
60108 33 15
60126 60 14
60133 78 21
60151 60 8
60166 26 24
60167 34 26
60178 87 23
60180 67 24
60193 12 24
60204 13 7
60206 12 15
60218 14 11
60221 55 16
60224 11 16
60233 59 8
60237 62 1
60241 98 26
60260 60 27
60261 82 22
60263 87 10
60263 23 15
60272 82 19
60290 35 2
60300 90 9
60304 62 23
60323 43 23
60328 83 1
60329 65 19
60336 92 7
60336 22 28
60342 11 3
60350 24 24
60355 41 4
60364 73 11
60375 28 2
60387 85 17
60393 0 17
60408 24 17
60417 26 2
60420 39 22
60420 43 26
60431 42 23
60439 30 13
60447 30 11
60464 16 2
60470 36 13
60489 47 10
60491 87 16
60496 67 27
60498 83 9
60514 15 22
60521 74 5
60528 36 9
60536 73 10
60554 58 9
60570 80 2
60582 27 14
60590 41 7
60595 62 13
60596 80 12
60614 9 15
60620 70 21
60633 87 1
60642 75 2
60648 2 24
60657 33 28
60657 58 23
60663 1 25
60665 86 28
60678 57 19
60689 69 16
60693 63 8
60697 13 21
60709 28 13
60728 43 13
60736 74 7
60745 2 27
60751 38 26
60764 38 23
60769 70 16
60785 89 4
60793 66 25
60807 70 23
60816 48 3
60830 39 24
60830 8 21
60848 53 28
60854 11 17
60868 93 9
60870 64 14
60873 30 3
60880 15 15
60882 21 10
60887 48 3
60892 35 26
60896 54 8
60902 82 16
60920 19 20
60929 93 19
60931 96 14
60940 93 13
60940 98 14
60942 14 22
60951 53 11
60970 44 7
60978 37 16
60994 50 5
61001 44 24
61018 1 11
61026 5 16
61041 31 20
61048 95 10
61060 93 12
61073 13 26
61089 7 8
61101 45 22
61113 48 6
61123 62 1
61123 81 17
61139 29 22
61149 97 26
61162 39 9
61179 14 9
61181 13 26
61184 33 0
61188 59 27
61194 20 18
61206 25 27
61216 37 1
61227 37 6
61229 12 24
61238 65 13
61242 57 12
61242 39 18
61251 89 12
61263 86 16
61267 21 23
61281 58 15
61296 20 4
61308 61 19
61326 53 14
61340 8 4
61354 60 10
61366 83 8
61378 83 2
61397 83 28
61413 29 2
61417 87 11
61433 43 27
61438 50 1
61451 34 27
61466 90 16
61483 29 16
61485 55 17
61493 68 20
61503 11 1
61507 89 28
61525 79 21
61535 65 25
61543 65 14
61543 49 21
61559 5 7
61564 62 2
61567 14 24
61572 92 4
61584 15 1
61591 78 10
61598 98 0
61617 58 6
61622 55 11
61638 87 3
61639 43 14
61657 39 21
61671 32 23
61688 50 23
61692 2 5
61699 41 28
61699 69 5
61702 22 28
61708 6 25
61718 37 14
61718 28 13
61735 24 21
61739 23 8
61752 3 15
61755 19 27
61755 69 26
61756 47 3
61773 69 20
61789 94 21
61801 56 17
61805 32 27
61807 38 0
61820 16 7
61820 29 19
61839 96 4
61857 93 18
61874 32 0
61878 0 25
61885 41 19
61899 67 1
61916 84 6
61922 38 5
61931 39 25
61938 40 16
61938 56 18
61949 57 12
61959 81 10
61959 85 1
61976 41 25
61994 52 11
62012 27 5
62021 30 27
62024 37 10
62041 89 20
62046 37 27
62065 77 15
62077 16 3
62085 79 28
62095 23 7
62098 12 12
62112 47 2
62118 1 20
62130 95 18
62145 40 12
62150 51 12
62163 44 16
62165 56 25
62177 58 20
62190 30 0
62195 94 3
62199 75 14
62207 52 11
62223 45 25
62233 34 8
62246 87 9
62263 28 1
62263 2 21
62272 53 14
62281 52 6
62294 24 20
62304 8 24
62315 6 24
62329 57 8
62342 96 22
62352 54 25
62360 40 27
62367 43 15
62377 28 4
62382 76 3
62389 93 11
62406 41 14
62423 4 0
62425 68 15
62438 64 10
62450 20 7
62458 53 17
62468 40 4
62473 7 7
62477 21 7
62478 98 18
62485 89 12
62493 69 3
62493 65 19
62510 36 11
62514 76 11
62519 26 15
62528 96 2
62547 55 18
62550 97 22
62565 58 14
62584 8 9
62587 52 24
62596 58 19
62603 67 0
62615 52 25
62616 80 5
62616 30 0
62633 95 0
62637 36 21
62656 65 8
62667 20 2
62677 37 6
62696 3 25
62709 83 24
62721 4 2
62730 36 23
62747 62 22
62755 52 7
62759 5 13
62773 82 2
62787 50 11
62804 82 5
62807 66 4
62825 45 0
62844 27 9
62856 31 22
62863 51 4
62867 20 3
62879 92 1
62895 25 15
62910 54 2
62924 68 5
62930 62 6
62945 37 26
62955 37 26
62967 21 13
62974 14 23
62974 79 10
62986 29 19
63003 16 22
63020 7 20
63035 0 0
63044 71 7
63046 19 18
63053 8 8
63057 13 8
63075 59 17
63087 13 21
63102 27 7
63107 27 24
63126 83 7
63144 6 14
63144 43 2
63160 31 24
63177 93 4
63196 90 27
63215 56 20
63228 6 16
63238 21 14
63250 88 10
63269 47 21
63279 79 6
63289 15 21
63303 36 5
63315 40 10
63326 19 27
63328 63 24
63330 16 23
63332 24 12
63350 66 6
63356 11 15
63359 77 17
63360 12 18
63370 5 4
63381 57 5
63386 92 23
63395 92 13
63410 77 20
63422 14 28
63426 56 25
63431 97 13
63434 23 8
63449 31 0
63463 42 16
63477 31 7
63494 5 17
63501 59 20
63502 58 26
63521 37 5
63526 66 7
63536 21 15
63551 89 5
63557 19 1
63562 53 20
63575 10 17
63581 63 17
63592 68 12
63602 48 17
63613 57 18
63622 64 16
63624 68 14
63632 0 25
63644 78 23
63657 58 26
63675 5 12
63693 38 21
63703 5 3
63717 58 5
63719 11 11
63731 19 10
63738 90 16
63739 26 5
63749 88 9
63759 32 8
63759 4 4
63760 66 22
63770 8 18
63773 87 17
63785 8 17
63788 68 28
63807 29 9
63820 3 28
63822 64 13
63829 75 1
63831 64 24
63844 55 21
63862 76 23
63863 64 11
63875 76 2
63883 52 21
63886 86 5
63897 4 12
63916 49 1
63926 39 14
63938 14 11
63940 48 9
63950 81 16
63966 18 23
63966 58 14
63966 34 28
63971 29 6
63973 23 11
63979 92 1
63988 3 3
64004 55 20
64007 52 28
64011 94 11
64014 19 9
64026 53 4
64040 18 9
64045 62 0
64063 10 26
64063 14 15
64079 32 10
64097 89 0
64109 0 15
64112 11 28
64122 81 12
64127 20 26
64128 97 1
64138 81 27
64151 30 1
64167 31 3
64171 71 14
64173 26 25
64175 16 9
64192 69 27
64206 41 17
64220 81 12
64236 74 16
64250 37 2
64267 9 15
64267 69 22
64278 66 19
64289 67 25
64303 17 7
64317 25 13
64330 19 7
64344 78 5
64362 40 25
64378 67 5
64396 20 15
64410 48 6
64428 46 0
64440 88 21
64459 16 13
64462 27 28
64467 14 27
64474 17 12
64480 96 19
64498 79 26
64505 26 25
64511 44 4
64527 75 6
64529 79 13
64534 69 5
64540 31 7
64558 28 0
64576 18 4
64580 81 0
64580 86 12
64595 48 24
64600 60 12
64617 88 5
64624 80 0
64643 27 27
64659 88 10
64676 54 11
64689 2 5
64698 71 8
64702 79 0
64705 79 0
64705 16 9
64705 84 24
64718 46 24
64735 63 22
64753 31 4
64765 61 11
64766 2 21
64769 58 21
64775 85 23
64781 5 12
64785 78 9
64804 39 28
64819 55 14
64828 51 15
64843 48 2
64846 38 23
64859 51 23
64875 21 7
64893 43 23
64894 55 18
64907 35 1
64910 24 14
64929 98 13
64944 76 17
64959 0 22
64965 20 22
64965 12 23
64967 20 20
64986 44 13
64995 88 4
65003 59 1
65021 53 3
65031 13 28
65040 49 1
65043 53 8
65051 12 26
65053 0 28
65056 93 13
65057 20 4
65066 40 1
65067 59 8
65084 39 16
65084 84 18
65084 75 13
65096 84 13
65107 37 13
65126 0 20
65139 22 14
65145 63 26
65145 69 1
65145 37 20
65157 23 13
65160 0 23
65177 26 14
65183 62 16
65196 64 23
65197 18 28
65207 20 18
65218 38 9
65227 37 6
65239 3 3
65246 57 3
65261 12 25
65272 12 27
65281 84 17
65295 46 1
65309 5 9
65322 95 20
65333 30 6
65335 9 4
65352 25 12
65352 16 15
65358 28 17
65361 7 15
65375 25 12
65385 83 17
65394 78 10
65398 33 17
65405 16 18
65408 71 17
65420 81 27
65439 48 19
65457 61 8
65465 53 26
65475 8 19
65475 20 23
65487 1 22
65498 26 22
65514 80 18
65515 47 2
65525 75 6
65536 44 8
65545 63 14
65545 69 22
65545 65 26
65558 56 7
65567 33 12
65567 66 23
65569 90 20
65586 24 20
65598 78 0
65602 25 23
65608 41 15
65611 4 4
65619 26 0
65621 53 6
65639 41 17
65647 20 15
65663 64 26
65679 2 13
65695 36 20
65695 92 0
65698 14 16
65701 37 3
65712 70 18
65720 7 19
65739 29 10
65758 14 23
65763 11 28
65773 39 24
65788 61 8
65803 47 24
65819 67 16
65823 26 10
65826 21 12
65843 67 24
65846 91 25
65847 74 19
65862 62 7
65878 89 9
65887 83 6
65901 76 26
65915 15 21
65932 49 16
65933 11 11
65943 78 10
65962 72 24
65963 53 25
65973 79 15
65982 8 26
65993 86 9
65996 84 13
66003 69 20
66010 62 25
66025 57 8
66025 3 15
66034 5 17
66052 93 17
66052 44 11
66061 43 5
66076 42 8
66086 14 6
66091 30 22
66097 37 22
66104 34 6
66114 76 26
66128 26 11
66131 6 2
66144 0 25
66154 87 24
66165 36 22
66169 82 8
66172 7 8
66173 98 6
66177 1 8
66196 6 2
66208 30 4
66215 71 2
66233 40 3
66247 89 8
66252 20 7
66262 1 12
66271 75 15
66280 19 17
66284 86 4
66300 86 5
66305 12 14
66323 89 18
66331 39 4
66344 20 28
66348 65 17
66360 7 10
66375 14 28
66394 68 9
66413 94 17
66430 90 26
66448 20 18
66451 87 16
66469 47 25
66486 91 15
66494 80 0
66502 32 12
66517 11 27
66532 19 13
66545 24 18
66560 35 2
66574 84 22
66576 12 9
66584 14 12
66591 20 23
66596 35 3
66606 25 28
66612 33 16
66612 87 12
66613 45 20
66619 11 27
66634 65 9
66645 55 18
66650 49 15
66665 97 9
66676 36 16
66679 22 7
66688 67 20
66698 7 11
66717 93 20
66732 42 19
66747 30 19
66757 54 23
66760 47 25
66773 50 5
66791 61 23
66797 64 17
66800 25 16
66806 38 28
66822 57 25
66828 61 22
66845 34 0
66859 62 18
66873 75 0
66876 81 14
66892 2 18
66894 61 20
66894 72 0
66904 72 9
66913 80 10
66928 48 17
66929 55 25
66930 81 24
66935 30 22
66946 80 5
66959 50 19
66970 70 17
66981 50 25
66993 78 19
67002 34 16
67010 96 18
67023 15 28
67029 69 17
67034 21 12
67036 92 17
67055 87 13
67061 87 27
67080 14 0
67087 51 12
67097 76 21
67102 90 27
67113 27 22
67118 52 16
67127 97 9
67139 9 16
67156 5 20
67174 23 1
67187 84 6
67194 21 15
67209 39 21
67210 36 14
67222 18 25
67234 45 12
67245 96 16
67261 82 20
67264 25 23
67266 8 6
67272 78 22
67274 40 26
67290 62 21
67290 23 6
67294 62 22
67302 68 8
67316 65 28
67316 84 14
67322 6 5
67338 44 6
67353 87 24
67359 58 20
67372 72 0
67376 22 4
67389 89 28
67392 19 28
67409 28 11
67412 9 13
67416 84 28
67430 33 11
67434 88 10
67439 72 7
67452 51 16
67453 16 6
67470 97 12
67486 69 13
67487 74 3
67491 15 1
67501 33 12
67504 16 20
67510 37 21
67514 74 13
67530 68 8
67544 37 26
67560 36 17
67573 52 12
67574 43 16
67584 48 6
67585 63 20
67604 22 25
67623 83 4
67626 8 11
67643 22 25
67662 88 23
67665 26 27
67669 4 10
67688 90 11
67707 64 1
67724 21 20
67728 22 28
67728 31 8
67737 39 3
67752 46 20
67755 59 3
67761 32 23
67761 70 8
67766 43 2
67780 27 24
67791 95 7
67800 27 3
67818 69 27
67830 45 28
67831 1 28
67843 10 9
67845 79 27
67860 64 27
67878 16 13
67886 0 19
67902 62 11
67921 15 28
67931 76 2
67947 41 18
67956 42 14
67969 72 1
67975 80 1
67984 82 4
67997 44 12
68002 25 25
68017 23 26
68019 27 10
68035 19 13
68038 46 11
68044 28 23
68062 6 13
68069 97 4
68071 33 3
68083 78 16
68101 92 13
68113 16 15
68127 76 21
68146 86 18
68165 27 8
68176 60 12
68180 82 15
68180 71 0
68195 68 12
68199 52 15
68207 41 10
68224 35 3
68230 21 0
68247 41 28
68266 71 13
68266 64 21
68282 47 19
68293 60 1
68309 6 24
68322 86 1
68325 26 26
68344 50 17
68359 70 0
68377 85 6
68389 1 22
68397 82 15
68397 48 2
68409 64 27
68420 30 22
68427 31 17
68440 3 25
68456 35 15
68473 17 22
68473 87 11
68488 94 27
68503 29 28
68503 63 18
68506 51 28
68525 30 5
68530 97 28
68546 78 9
68559 1 16
68565 21 12
68569 14 14
68572 40 9
68590 49 12
68593 49 3
68609 49 28
68619 38 8
68633 39 19
68645 64 14
68655 64 27
68668 23 11
68683 82 28
68698 36 8
68703 61 19
68704 94 1
68715 86 10
68720 33 8
68737 80 13
68749 19 0
68761 6 6
68762 31 20
68764 35 12
68766 31 20
68779 65 6
68795 88 11
68795 44 23
68806 56 7
68819 38 26
68824 30 18
68840 38 1
68841 9 24
68849 40 4
68865 47 25
68874 46 0
68892 15 14
68901 3 7
68902 90 0
68915 90 15
68933 71 5
68940 27 28
68959 13 26
68977 42 28
68992 26 16
69000 51 22
69012 12 18
69027 90 11
69035 40 3
69048 10 10
69048 3 6
69064 95 3
69072 69 22
69088 47 28
69100 12 19
69119 14 8
69123 1 24
69139 80 10
69144 11 11
69144 55 10
69160 37 3
69174 88 23
69191 6 4
69202 60 16
69208 23 23
69214 67 26
69226 36 8
69244 88 23
69258 33 26
69271 72 5
69285 58 27
69299 97 6
69314 86 23
69316 96 11
69323 49 15
69330 29 24
69335 74 0
69344 22 21
69353 27 19
69359 75 24
69360 84 11
69376 6 9
69389 70 17
69401 65 1
69410 86 27
69420 89 5
69428 8 28
69436 18 12
69444 92 26
69448 4 5
69461 28 13
69476 49 20
69492 42 3
69511 27 25
69528 72 14
69545 90 15
69564 50 11
69578 74 24
69584 6 24
69589 22 17
69601 52 22
69604 86 10
69614 44 10
69618 39 10
69620 19 4
69631 42 18
69632 43 27
69637 51 2
69652 11 15
69657 56 11
69671 90 10
69682 47 13
69693 46 22
69710 55 15
69723 97 7
69741 24 7
69745 80 0
69752 91 12
69762 97 13
69766 3 20
69781 19 8
69798 92 8
69815 6 18
69832 14 0
69848 6 4
69850 81 19
69868 44 15
69872 49 22
69878 49 22
69889 14 9
69893 50 16
69900 81 18
69918 62 28
69929 29 3
69936 15 6
69953 80 21
69970 19 23
69986 55 6
69991 29 27
